Degree	Degree_sidechain	SecondOrderDegree	SecondOrderDegree_sidechain	NodeEdgeBetweennessSTRIDE	NodeEdgeBetweennessSTRIDE_sidechain	IntermodularDegreeSTRIDE	IntermodularDegreeSTRIDE_sidechain	SecondOrderIntermodularDegreeSTRIDE	SecondOrderIntermodularDegreeSTRIDE_sidechain	NodeEdgeBetweennessWALKTRAP	NodeEdgeBetweennessWALKTRAP_sidechain	IntermodularDegreeWALKTRAP	IntermodularDegreeWALKTRAP_sidechain	SecondOrderIntermodularDegreeWALKTRAP	SecondOrderIntermodularDegreeWALKTRAP_sidechain
GLU757A	3	2	4	1	3536	1180	3	2	5	0	2357	1	2	1	3	0
LYS4A	2	1	2	1	1180	1	2	1	2	0	1	1	1	1	1	1
SER6A	3	3	10	6	1180	1180	3	3	11	5	1	1	1	1	1	1
TYR5A	8	4	18	7	12134	754.16792349912	8	4	23	7	1	1	1	1	1	1
VAL20A	7	7	24	20	7677	5679.12926324698	5	5	23	15	1	1	1	1	1	1
MET751A	5	2	20	4	7392	4275	4	2	19	3	1	1	1	1	1	1
ILE7A	6	4	26	11	8058	5767.56069827818	4	4	15	11	1	1	1	1	1	1
PRO756A	7	7	20	12	8771	4046.06187863587	6	6	25	15	2013	866.790352023851	2	2	5	4
HIS754A	3	1	8	1	1180	1	3	1	10	0	1	1	1	1	1	1
LYS755A	6	3	16	3	283	213.462454370605	5	3	19	2	283	213.462454370605	3	2	6	1
ASN758A	5	3	10	2	9178	5556	5	3	8	1	8166	5556	4	3	5	0
GLY8A	8	8	35	30	4764	1935.94806424019	6	6	26	19	3518	1429.49062565139	2	2	5	4
LEU9A	11	9	35	27	22321	13278	8	7	30	18	1	1	1	1	1	1
LEU747A	6	5	25	16	7998	4106.34433751985	4	4	18	14	1	1	1	1	1	1
ALA991A	8	6	33	18	6207	2454.50937434861	4	3	14	8	6536	2783.50937434861	6	5	10	4
VAL760A	8	7	30	23	77775	61790.8898622213	6	5	16	9	9231	5595.5	3	3	8	7
ALA987A	7	7	28	25	16904	10951.1363357587	5	5	24	20	1	1	1	1	1	1
TRP18A	14	9	45	24	84455	57431.8183444737	12	8	61	29	1	1	1	1	1	1
ALA19A	6	5	31	16	55503	48947.0447412269	4	3	21	6	1	1	1	1	1	1
GLY17A	8	8	31	30	15667	6679.91040680705	6	6	22	19	1	1	1	1	1	1
ALA10A	6	6	22	20	1205	291.495818845481	4	4	12	11	1	1	1	1	1	1
THR740A	7	6	29	23	301268	147468.762314002	4	4	15	13	1	1	1	1	1	1
VAL744A	6	4	22	13	3224	1612.5	2	2	7	6	1	1	1	1	1	1
ILE759A	6	4	24	11	10058	2239.51287396691	5	4	23	11	5441	1777.85735987608	2	2	5	4
ILE761A	6	3	22	6	10625	531.5	5	3	17	5	1	1	1	1	1	1
LEU935A	3	3	14	9	1180	590.5	3	3	11	8	1	1	1	1	1	1
ILE11A	7	5	24	15	336978	114909.788600916	6	5	18	11	1	1	1	1	1	1
GLU762A	4	3	11	6	3262	1054	4	3	7	3	1043	1043	2	2	1	0
GLY12A	4	4	12	8	1894	1894	3	3	9	5	1	1	1	1	1	1
MET763A	7	4	21	10	554638	239733.470376509	7	4	19	8	1	1	1	1	1	1
VAL931A	8	8	26	18	20485	11835.3930678972	4	4	13	9	1	1	1	1	1	1
THR13A	4	4	8	8	737	737	2	2	3	2	1	1	1	1	1	1
SER15A	6	2	16	2	58398	13682.1224379875	5	2	13	1	1	1	1	1	1	1
ASN14A	5	5	10	6	8725	6119.88520680632	4	4	9	5	1	1	1	1	1	1
GLU766A	4	3	9	3	2400	795.935388561993	4	3	8	3	1	1	1	1	1	1
PHE53A	5	4	16	11	4380	2130.56829079854	5	4	12	6	1	1	1	1	1	1
SER55A	3	2	7	4	4200	1631.54650239515	2	2	3	3	1	1	1	1	1	1
ASP54A	5	2	12	2	4210	517.750476624172	5	2	13	2	1877	517.750476624172	3	2	3	1
VAL16A	6	6	21	18	129882	86462.2218435143	4	4	9	8	1	1	1	1	1	1
LEU52A	6	6	19	15	23122	18406.5	5	5	20	13	11593	6877.5	4	4	5	2
HIS983A	6	3	18	3	46388	32240.8775620125	4	2	10	1	45737	14193.6883034331	2	2	2	1
GLY736A	8	8	24	19	615	308	3	3	7	6	1	1	1	1	1	1
GLY49A	8	8	27	22	51732	41997.9468347733	6	6	31	23	1	1	1	1	1	1
VAL743A	6	6	28	20	1186	1139.27060021294	3	3	16	11	1	1	1	1	1	1
ILE48A	10	4	37	12	66858	6797.44954228816	9	4	47	8	1	1	1	1	1	1
ASN1093A	8	4	29	11	33160	8.16426339935293	8	4	45	11	1	1	1	1	1	1
THR1353A	7	5	27	14	25456	5339.54573927884	5	3	24	9	1	1	1	1	1	1
LEU47A	10	8	33	19	6600	1843.5889487183	10	8	42	16	11	6	2	2	4	4
LEU1355A	8	7	30	18	5828	2234.20362402687	8	7	36	21	2182	1082.20509173047	2	2	4	4
TYR988A	12	4	39	12	88392	34050.7459411421	9	4	38	9	1178	1	3	1	9	0
PRO28A	7	5	22	14	3029	1558.78178803471	5	3	20	9	1	1	1	1	1	1
ILE21A	6	4	26	10	2720	1681	5	4	19	8	731	366	3	3	9	8
THR22A	6	6	14	8	5864	3150.8935112268	6	6	13	6	1	1	1	1	1	1
VAL992A	9	6	29	15	1	1	4	4	16	10	1178	1178	5	5	11	6
GLU24A	5	3	14	5	2365	1293.6064887732	4	2	10	5	1	1	1	1	1	1
ASP23A	3	1	8	1	1	1	2	1	5	0	1	1	1	1	1	1
LYS26A	4	1	15	1	1	1	2	1	5	0	1	1	1	1	1	1
THR1082A	7	5	21	12	2344	2344	3	3	10	3	1	1	1	1	1	1
ARG1078A	5	2	13	3	30	17	4	2	9	1	1	1	1	1	1	1
TYR25A	8	3	30	13	64522	17556.6864288412	8	3	29	8	20927	17556.6864288412	5	3	13	6
TRP1074A	7	6	27	14	21214	20401.1861952799	6	6	23	14	6081	6081	4	3	10	4
THR995A	7	6	22	15	5407	5407	3	3	11	4	5407	5407	3	3	7	4
ALA996A	8	7	28	19	1508	764.945786315788	4	4	20	10	1333	677.445786315788	3	3	9	6
VAL1073A	9	8	19	10	32954	13801.5127101271	7	6	18	5	25910	8639.86778484297	6	5	11	4
VAL27A	9	9	32	21	11976	10668.5722075018	7	7	38	21	1	1	1	1	1	1
MET1089A	6	4	21	13	25136	19061.2197570262	5	4	23	12	1	1	1	1	1	1
ASN46A	7	3	22	7	4912	904.443907411571	7	3	31	6	1	1	1	1	1	1
VAL1086A	6	6	23	15	45834	26587.6241166893	4	4	18	12	1	1	1	1	1	1
SER29A	3	3	9	7	1180	1180	3	3	10	4	1	1	1	1	1	1
LYS30A	3	1	11	1	248	1	2	1	9	0	933	1	2	1	4	0
PHE32A	5	5	18	16	2282	1136.44236232772	4	4	20	17	3214	2068.44236232772	5	5	4	3
VAL750A	8	8	21	18	1293	923.403355876647	5	5	21	17	91	60.3525459418155	2	2	4	4
LYS33A	3	1	10	1	1	1	1	1	1	1	1	1	1	1	1	1
VAL34A	8	8	17	10	12150	12150	6	6	14	6	1	1	1	1	1	1
LEU35A	5	3	13	7	1040	1	2	1	2	0	1	1	1	1	1	1
ARG40A	5	3	18	5	1186	576.002535912387	4	3	14	4	1	1	1	1	1	1
ARG1359A	11	5	22	4	13157	1528.70002745933	8	4	21	5	1	1	1	1	1	1
HIS41A	3	2	8	1	2355	1	2	1	5	0	1	1	1	1	1	1
SER42A	3	2	9	3	1180	1	2	1	5	0	1	1	1	1	1	1
ILE43A	5	3	13	4	1164	450.997464087613	3	2	8	2	2063	2063	2	2	2	1
GLY36A	6	6	15	10	1451	714.088651577915	5	5	14	7	1	1	1	1	1	1
THR1358A	5	5	15	12	1180	1123.91134842208	3	3	5	4	1	1	1	1	1	1
ASN37A	3	2	7	3	1180	1176	3	2	7	1	1	1	1	1	1	1
ILE1360A	5	3	18	9	8217	654	4	2	12	4	1	1	1	1	1	1
THR38A	4	4	13	7	1170	1170	2	2	7	3	1	1	1	1	1	1
ASP39A	3	1	4	1	1	1	1	1	1	1	1	1	1	1	1	1
LYS45A	6	3	18	5	43446	18071.8849492017	5	3	14	4	22200	17887.580027112	3	2	2	1
GLN1091A	6	5	18	11	41088	40184.5560925884	4	4	17	7	1	1	1	1	1	1
GLY1354A	6	6	18	15	1340	738.692011985322	4	4	14	11	1	1	1	1	1	1
GLU1357A	4	2	16	2	20138	2251.41997288804	2	2	4	2	20138	2251.41997288804	2	2	2	1
VAL1092A	7	7	24	17	23052	20003.6179410463	6	6	28	15	15539	15539	2	2	4	1
ALA984A	8	7	26	16	1638	926.122596191557	4	4	18	13	1	1	2	2	4	1
ALA50A	4	4	14	14	16	16	2	2	3	1	1	1	1	1	1	1
LEU51A	7	6	20	14	17480	12652.531676284	5	5	13	10	1	1	1	1	1	1
VAL1095A	6	6	20	16	4282	2331.54445115368	4	4	11	9	3207	3207	3	3	4	1
LYS1097A	5	2	16	2	9289	1	3	1	7	0	15482	9491.49246919137	3	2	3	2
GLN739A	6	4	23	9	18192	11345.7683766612	4	4	11	8	1	1	1	1	1	1
ILE1352A	8	5	20	9	7568	3342.88796161315	6	5	13	9	1	1	1	1	1	1
ASN980A	5	3	15	10	6972	2100.74433126863	5	3	21	11	638	1	2	1	3	0
ILE1094A	7	4	21	6	11087	9342.36649395923	6	4	25	7	3182	1	3	1	5	0
LEU1318A	9	9	23	14	18293	9199.68938209077	8	8	31	19	11100	5550.5	3	3	4	4
LYS735A	5	3	16	3	129913	66120.210238093	4	3	7	2	77106	66095.210238093	2	2	2	2
TYR1201A	5	3	11	1	2990	434.249523375828	5	3	13	1	948	431.249523375828	2	2	2	1
GLY56A	5	5	7	5	53021	53021	3	3	4	2	1	1	1	1	1	1
GLU57A	4	1	9	1	57111	1	2	1	3	0	1	1	1	1	1	1
ALA732A	3	2	6	4	239	1	2	1	2	0	1	1	1	1	1	1
THR58A	5	5	10	5	638410	444526.938320233	4	4	5	4	1	1	1	1	1	1
PRO731A	5	5	9	6	638939	513190.751663384	4	4	8	5	1	1	1	1	1	1
ALA59A	3	3	7	4	591	428.310016383053	2	2	3	3	1	1	1	1	1	1
GLU60A	5	1	7	1	318616	1	2	1	3	0	1	1	1	1	1	1
ARG63A	4	2	7	1	1	1	1	1	1	1	319225	1	2	1	1	0
ALA61A	3	3	4	2	1	1	1	1	1	1	1	1	1	1	1	1
THR62A	3	2	3	2	1	1	1	1	1	1	1	1	1	1	1	1
ARG66A	5	3	11	3	147216	93379.3520145097	2	2	3	1	319225	319225	2	2	1	0
ALA68A	5	5	4	3	1	1	1	1	1	1	1	1	1	1	1	1
LEU64A	2	1	4	1	1	1	1	1	1	1	1	1	1	1	1	1
LYS65A	3	1	4	1	1180	1	2	1	1	0	1180	1	2	1	1	0
GLU1108A	2	2	2	1	1180	1180	2	2	1	0	1180	1180	2	2	1	0
ARG69A	3	2	7	3	1	1	1	1	1	1	1	1	1	1	1	1
ARG70A	4	3	12	5	224	224	2	2	3	1	1	1	1	1	1	1
PHE462A	7	3	18	2	276906	53837.6479854903	4	2	10	1	1	1	1	1	1	1
THR67A	3	3	4	4	1	1	1	1	1	1	1	1	1	1	1	1
ARG71A	2	2	2	2	1	1	1	1	1	1	1	1	1	1	1	1
ARG74A	5	4	9	6	171939	85970	3	3	6	4	1	1	1	1	1	1
ARG75A	4	3	6	1	70271	70271	2	2	4	0	1180	1180	2	2	1	0
TYR72A	2	1	3	1	1	1	1	1	1	1	1180	1	2	1	1	0
ASN77A	2	2	2	2	1	1	1	1	1	1	1180	701.468054977556	2	2	1	1
THR73A	3	3	4	4	1	1	1	1	1	1	1180	479.531945022444	2	2	1	1
ILE448A	5	3	12	6	174233	86499.7042615018	4	3	10	6	171908	1	2	1	2	0
PRO454A	5	3	12	7	3051	1585.31235509144	4	3	8	6	1	1	1	1	1	1
ARG78A	4	4	10	6	72856	43789.6421607768	3	3	8	4	1	1	1	1	1	1
LYS163A	5	1	9	1	141616	1	5	1	8	0	1	1	1	1	1	1
LEU80A	2	2	1	1	1	1	1	1	1	1	1	1	1	1	1	1
LYS76A	2	1	1	1	1	1	1	1	1	1	1	1	1	1	1	1
ARG165A	6	5	18	11	498242	454453.357839223	5	5	15	9	1	1	1	1	1	1
GLN83A	4	3	12	3	2446	479.30941934902	3	2	8	2	1	1	1	1	1	1
ILE79A	4	2	12	1	3786	3786	3	2	9	0	1	1	1	1	1	1
TYR155A	8	3	21	3	27526	645.69058065098	6	3	14	2	1	1	1	1	1	1
ILE443A	2	2	2	1	1180	1180	2	2	2	0	1	1	1	1	1	1
TYR81A	3	1	3	1	3536	1	3	1	2	0	1	1	1	1	1	1
PRO475A	4	4	8	7	2357	2357	2	2	2	0	3532	3532	2	2	3	2
LEU82A	6	6	16	10	54305	54061.7669906953	5	5	12	6	1	1	1	1	1	1
PHE86A	5	2	18	5	1969	3.5	4	2	13	4	1	1	1	1	1	1
ILE440A	5	3	13	7	6966	504.067917378134	4	2	11	4	1	1	1	1	1	1
ALA159A	5	5	17	13	927	244.233009304682	2	2	4	4	1	1	1	1	1	1
ILE162A	4	3	17	9	55616	21729.1845892343	4	3	15	9	1	1	1	1	1	1
PHE98A	6	4	12	7	1670	1670	4	4	10	5	1	1	1	1	1	1
GLU84A	2	1	3	1	1	1	1	1	1	1	1	1	1	1	1	1
SER87A	4	3	5	1	1	1	1	1	1	1	1	1	1	1	1	1
ASN436A	4	3	9	5	5341	5341	2	2	3	2	1	1	1	1	1	1
ILE85A	4	3	7	4	18242	12902	4	3	6	2	1	1	1	1	1	1
LYS439A	3	2	5	2	19684	3985.00016660639	3	2	4	1	1	1	1	1	1	1
LEU151A	8	7	22	11	3965	3452.10547829785	7	6	21	9	1	1	1	1	1	1
LEU158A	8	6	26	17	1317	914.31148314571	5	5	17	13	1	1	1	1	1	1
ALA91A	5	5	11	7	1	1	1	1	1	1	1	1	1	1	1	1
ASN88A	3	1	6	1	1	1	1	1	1	1	1	1	1	1	1	1
GLU89A	5	1	14	1	2187	1	3	1	7	0	1	1	1	1	1	1
VAL93A	5	5	16	11	1392	918.5	3	3	12	9	1	1	1	1	1	1
PHE432A	5	3	9	4	1549	1549	2	2	2	0	1	1	1	1	1	1
MET90A	7	4	22	12	6554	6109	6	4	25	10	1	1	1	1	1	1
ASP94A	8	6	21	13	32402	17805.9441224885	7	5	25	11	1	1	1	1	1	1
PHE97A	8	5	25	9	28507	16148.6225413557	6	4	23	7	1	1	1	1	1	1
ARG152A	6	4	20	9	30682	27631.8568276031	6	4	24	8	1	1	1	1	1	1
LYS92A	4	2	9	1	1	1	1	1	1	1	1	1	1	1	1	1
ARG100A	8	8	24	16	10217	9917.86362741473	6	6	23	11	1	1	1	1	1	1
ASP95A	3	2	9	2	910	910	2	2	3	0	1	1	1	1	1	1
SER96A	5	2	15	7	43948	1	4	1	10	0	1	1	1	1	1	1
HIS113A	5	5	6	2	57049	52123.495032498	4	4	5	1	1	1	1	1	1	1
LEU101A	5	4	15	8	1721	1721	2	2	5	2	1	1	1	1	1	1
LEU156A	6	4	22	7	24389	8241.37745864429	3	3	10	4	1	1	1	1	1	1
GLU102A	3	3	8	7	1	1	1	1	1	1	1	1	1	1	1	1
HIS99A	2	1	4	1	1180	1	2	1	3	0	1	1	1	1	1	1
HIS116A	7	4	15	3	7829	6086.97454096773	5	4	11	3	1	1	1	1	1	1
PRO117A	6	5	17	8	8757	1	4	3	11	4	1	1	1	1	1	1
ILE118A	8	2	21	2	3442	2033	6	2	18	1	1	1	1	1	1	1
PHE119A	8	3	21	3	35458	9783.5	6	2	21	3	1	1	1	1	1	1
GLU103A	4	2	9	4	27919	4926.50496750198	2	2	3	3	1	1	1	1	1	1
LYS111A	4	4	7	5	1	1	1	1	1	1	1	1	1	1	1	1
LEU106A	5	3	11	4	26756	6707.27400284018	2	2	3	3	26756	6707.27400284018	2	2	3	3
SER104A	3	2	5	2	1	1	1	1	1	1	1160	1160	2	2	1	0
PHE105A	4	2	10	3	1193	1	3	2	11	3	1160	1	2	1	1	0
TRP1126A	6	4	15	4	5908	3931.37856613533	6	4	19	5	1	1	1	1	1	1
ARG1122A	7	4	14	3	7708	1093.79698511631	7	4	20	5	1	1	1	1	1	1
TYR1131A	5	4	12	5	31284	22405.4792553984	4	4	5	5	31284	22405.4792553984	4	4	5	5
VAL107A	5	5	8	6	2173	1316.9420488065	3	3	5	4	2173	1316.9420488065	3	3	5	4
GLU109A	4	3	5	5	1	1	1	1	1	1	1	1	1	1	1	1
LYS1130A	3	2	4	3	1180	879.224219670027	3	2	4	2	1180	879.224219670027	3	2	4	2
GLU108A	3	2	6	2	1360	1360	2	2	3	1	1	1	1	1	1	1
ARG115A	5	2	10	3	3894	891.801246850841	4	2	8	3	1	1	1	1	1	1
ASP110A	4	4	5	4	3536	1158.08047328492	3	3	5	4	3536	1158.08047328492	3	3	5	4
LYS112A	2	1	4	1	1	1	1	1	1	1	1	1	1	1	1	1
GLU114A	4	4	10	6	2854	1336.70346280454	3	3	6	5	1	1	1	1	1	1
GLY120A	5	5	13	8	4612	4127.52074937689	3	3	4	3	1	1	1	1	1	1
ILE122A	3	1	7	1	3527	1	2	1	4	0	1	1	1	1	1	1
GLU125A	4	4	13	6	1220	1220	4	4	13	4	1	1	1	1	1	1
LEU153A	7	4	22	4	45554	12598.5	6	4	21	3	1	1	1	1	1	1
TYR128A	5	2	15	4	4848	1	4	2	13	3	1	1	1	1	1	1
ASP150A	4	4	16	11	1188	640.335422493681	4	4	16	9	1	1	1	1	1	1
ASN121A	3	2	6	1	5880	1607.5785618037	3	2	3	1	1	1	1	1	1	1
ASP124A	4	2	6	1	2354	747.4214381963	2	2	2	1	1	1	1	1	1	1
VAL126A	3	3	5	4	1	1	1	1	1	1	1	1	1	1	1	1
ALA127A	5	5	8	5	1	1	1	1	1	1	1	1	1	1	1	1
VAL123A	3	2	6	2	1	1	1	1	1	1	1	1	1	1	1	1
LEU138A	5	5	13	10	30811	30811	4	4	10	5	1	1	1	1	1	1
LYS131A	2	1	5	1	1180	1	2	1	3	0	1	1	1	1	1	1
PRO133A	6	6	10	8	11420	8386.30709241559	4	4	9	5	1	1	1	1	1	1
TYR132A	4	2	8	1	7884	247	3	2	4	0	1	1	1	1	1	1
LYS141A	3	1	8	1	247	1	2	1	2	0	1	1	1	1	1	1
THR134A	6	6	11	8	1342	681.659418265434	5	5	13	6	1	1	1	1	1	1
TYR325A	5	2	13	5	29110	2862.32390943337	5	2	14	3	1	1	1	1	1	1
HIS137A	5	5	10	9	10372	7229.59965955869	5	5	13	10	1	1	1	1	1	1
ILE135A	3	1	6	1	1180	1	3	1	7	0	1	1	1	1	1	1
TYR136A	5	2	15	2	1400	188	4	2	9	1	1	1	1	1	1	1
HIS160A	4	4	10	7	5622	3965	4	4	10	6	1	1	1	1	1	1
ARG139A	8	7	25	13	45240	26276.3974159812	6	6	21	17	1	1	1	1	1	1
ARG403A	5	2	15	2	66987	57095.1048250355	3	2	6	2	1	1	1	1	1	1
ILE322A	3	3	6	5	8170	6420.10992032692	3	3	6	4	1	1	1	1	1	1
LEU142A	8	8	19	17	18938	5962.31172114308	6	6	20	12	1	1	1	1	1	1
VAL143A	9	8	24	17	52744	30088.7895888418	7	6	25	14	1	1	1	1	1	1
MET161A	7	5	29	16	67050	18201.1352370136	6	4	27	13	1	1	1	1	1	1
SER318A	4	3	14	9	2357	575.324097132979	3	3	11	10	1	1	1	1	1	1
GLU418A	9	6	27	14	38885	7814.48998985086	7	6	28	17	1	1	1	1	1	1
HIS415A	6	5	22	11	8392	2167.42981932732	6	5	22	10	1	1	1	1	1	1
ALA315A	7	6	18	10	34598	14214.4265679042	7	6	22	12	1	1	1	1	1	1
LYS140A	4	2	8	3	5270	1	3	1	8	0	1	1	1	1	1	1
ASP144A	5	4	13	7	5360	1	3	2	7	0	1	1	1	1	1	1
ILE422A	6	4	23	12	43050	20021.1882788569	6	4	22	10	1	1	1	1	1	1
ILE154A	8	5	27	12	4918	4729	5	4	20	7	1	1	1	1	1	1
ALA157A	8	7	26	20	3180	1590.5	3	3	10	8	1	1	1	1	1	1
ALA149A	6	3	17	7	1880	252	5	2	20	5	1	1	1	1	1	1
ARG425A	5	4	17	11	25399	23047	4	4	10	7	1	1	1	1	1	1
LYS314A	5	1	14	1	1180	1	5	1	17	0	1	1	1	1	1	1
ALA421A	5	5	18	15	316	158.5	2	2	6	5	1	1	1	1	1	1
SER145A	3	3	6	3	1	1	1	1	1	1	1	1	1	1	1	1
THR146A	5	3	6	4	5884	2353	3	2	4	3	1	1	1	1	1	1
ASP147A	4	2	9	3	1	1	2	1	5	0	1	1	1	1	1	1
PHE429A	2	2	4	3	1180	1180	2	2	2	1	1	1	1	1	1	1
GLN426A	7	5	15	6	8065	2455	6	4	14	1	1	1	1	1	1	1
LYS148A	4	1	11	1	1080	1	3	1	11	0	1	1	1	1	1	1
TYR430A	7	4	16	8	2078	34.3945217021451	7	4	20	6	1	1	1	1	1	1
LEU423A	6	6	20	15	4121	3338.48256248282	5	5	11	8	1	1	1	1	1	1
LEU419A	9	8	26	16	3332	1674.68851685429	6	6	20	13	1	1	1	1	1	1
LEU444A	8	5	26	13	133850	44374.2578897634	7	5	24	13	1	1	1	1	1	1
PHE164A	4	3	11	1	134368	77265.8951749645	4	3	11	1	1	1	1	1	1	1
GLY166A	6	6	19	15	11202	11202	5	5	20	10	1	1	1	1	1	1
PHE168A	7	3	20	7	216211	34595.7214850691	5	3	15	6	6	1	2	1	2	0
PHE446A	5	3	12	5	334955	81766	4	2	9	2	253673	253673	3	3	2	0
HIS167A	9	6	19	11	12542	5651	7	4	24	7	5143	5143	3	3	7	4
ILE410A	10	3	26	5	13143	2979.5	7	2	31	2	7186	1	3	1	8	0
HIS412A	5	4	17	9	107601	73006.2785149309	4	3	14	5	1	1	1	1	1	1
LEU169A	3	2	12	3	1	1	1	1	1	1	1184	6	3	2	3	0
GLY408A	5	5	17	12	1	1	2	2	6	3	1	1	1	1	1	1
PRO411A	8	6	19	9	18918	8327.5	8	6	30	11	17878	7807.5	6	4	12	4
SER409A	6	3	17	6	1990	1	4	2	18	3	304	1	3	2	8	2
ARG447A	3	2	9	3	1180	354	3	2	7	2	827	1	2	1	1	0
ILE170A	3	2	6	3	2894	430	3	2	7	3	859	430	2	2	1	1
LEU301A	4	4	8	6	1180	590.5	4	4	12	8	859	430	2	2	1	1
GLU171A	2	1	3	1	1	1	1	1	1	1	1	1	1	1	1	1
GLY172A	4	4	6	4	4711	2701.51591798186	3	3	5	4	3532	1766.5	2	2	3	2
ASP173A	2	2	3	3	1180	244.984082018142	2	2	2	2	1	1	1	1	1	1
GLN413A	7	5	17	10	117700	9445.5	5	4	14	8	115665	7410.5	4	3	7	4
LEU174A	4	3	8	5	212282	106550.5	4	3	8	6	106490	106490	2	2	3	2
PRO176A	4	4	4	3	105672	105672	2	2	3	2	1	1	1	1	1	1
ASN175A	3	1	7	1	1	1	1	1	1	1	1	1	1	1	1	1
ASN178A	6	4	15	2	113108	12859.5550040672	5	3	13	1	1	1	1	1	1	1
ASP177A	2	1	3	1	1	1	1	1	1	1	1	1	1	1	1	1
LEU184A	6	6	18	16	157970	116727.154740012	6	6	22	15	1	1	1	1	1	1
ALA299A	10	9	23	18	38875	28502.4540274309	6	6	23	17	1	1	1	1	1	1
ASN295A	4	2	9	1	2245	1	3	1	9	0	1	1	1	1	1	1
ASP298A	5	2	15	3	14696	3994.44499593281	2	2	4	2	1	1	1	1	1	1
SER179A	3	2	12	4	1180	1	3	2	11	3	1	1	1	1	1	1
ASP180A	7	4	15	7	3536	2091.73427200017	7	4	21	7	1	1	1	1	1	1
VAL181A	8	8	24	19	41520	23263.0708067668	7	7	26	19	1	1	1	1	1	1
ASP182A	5	2	14	1	1196	1184	3	2	8	0	1	1	1	1	1	1
LYS183A	2	1	6	1	1180	1	2	1	6	0	1	1	1	1	1	1
LEU296A	8	6	27	15	154910	114728.833537482	6	6	24	17	1	1	1	1	1	1
LYS209A	4	1	12	1	4759	1	3	1	8	0	1	1	1	1	1	1
LEU212A	8	7	26	18	23668	6675.95650076441	7	6	28	19	1	1	1	1	1	1
SER303A	4	3	14	13	3330	597.252616308448	3	2	8	6	1	1	1	1	1	1
ILE186A	4	3	11	4	1	1	1	1	1	1	1	1	1	1	1	1
PHE185A	9	3	28	8	52492	930.659722284584	7	2	21	3	1	1	1	1	1	1
VAL189A	7	7	18	11	25457	19990.9824273616	4	4	12	6	1	1	1	1	1	1
ALA208A	4	4	13	8	3370	3370	3	3	8	2	1	1	1	1	1	1
LEU225A	5	4	22	10	8756	6132.50549113205	5	4	20	9	1	1	1	1	1	1
ILE242A	10	5	33	8	4910	1258.37828581895	6	4	24	8	1	1	1	1	1	1
ALA203A	6	6	16	10	3758	2468.5	4	4	11	4	1	1	1	1	1	1
VAL206A	5	5	14	7	7576	6435.94582600574	3	3	9	3	1	1	1	1	1	1
GLN190A	3	2	7	3	1	1	1	1	1	1	1	1	1	1	1	1
GLN187A	2	1	3	1	1	1	1	1	1	1	1	1	1	1	1	1
THR191A	4	4	8	5	1	1	1	1	1	1	1	1	1	1	1	1
LEU188A	6	5	23	14	8186	4164.62306838628	5	5	13	10	1	1	1	1	1	1
ALA292A	6	6	16	13	2317	1172.37693161372	2	2	4	4	1	1	1	1	1	1
ALA293A	7	6	22	10	27931	3645.6372583767	3	2	7	1	1	1	1	1	1	1
ASN193A	3	3	9	7	77	77	2	2	5	2	1	1	1	1	1	1
ILE201A	6	3	16	3	21580	5964	6	3	14	1	1	1	1	1	1	1
PHE238A	7	3	28	8	12264	4177.51757263844	5	2	16	3	1	1	1	1	1	1
TYR192A	5	1	16	1	10346	1	4	1	13	0	1	1	1	1	1	1
LEU289A	7	5	21	5	1495	1289.24172940471	4	4	9	6	1	1	1	1	1	1
LEU237A	6	4	15	3	6738	4617.8923311842	6	4	17	4	1	1	1	1	1	1
GLN285A	4	2	9	1	1180	1150	4	2	12	0	1	1	1	1	1	1
LEU195A	4	4	13	4	1238	1209	4	4	11	4	1	1	1	1	1	1
TYR286A	8	1	21	1	6296	1	6	1	16	0	1	1	1	1	1	1
PHE196A	3	3	11	3	1180	580.143596052286	3	3	10	3	1	1	1	1	1	1
GLU197A	2	1	3	1	1	1	1	1	1	1	1	1	1	1	1	1
PRO200A	4	4	3	2	1	1	1	1	1	1	1	1	1	1	1	1
ASN199A	3	2	4	1	1	1	1	1	1	1	1	1	1	1	1	1
GLU198A	3	1	4	1	1	1	1	1	1	1	1	1	1	1	1	1
LEU229A	5	4	12	5	4673	4673	4	4	11	3	1	1	1	1	1	1
ASN202A	3	1	8	1	1180	1	3	1	6	0	1	1	1	1	1	1
SER204A	3	2	5	2	1	1	1	1	1	1	1	1	1	1	1	1
GLY205A	3	3	4	4	1	1	1	1	1	1	1	1	1	1	1	1
GLN228A	5	3	12	5	3247	1540.41378572174	4	3	6	4	1	1	1	1	1	1
ASP207A	3	2	6	3	1488	160.128765323731	3	2	4	1	1	1	1	1	1	1
ALA210A	5	4	11	3	407	229.871234676269	3	2	6	1	1	1	1	1	1	1
ALA214A	6	6	15	13	1430	1189.80414155948	5	5	12	9	1	1	1	1	1	1
ILE211A	5	3	14	5	1230	796.640388272521	4	3	11	5	1	1	1	1	1	1
ARG221A	7	7	15	14	17129	15505.6958584405	6	6	15	12	1	1	1	1	1	1
ILE300A	6	5	24	15	1998	1081.5	4	4	14	10	1	1	1	1	1	1
LEU246A	7	6	18	14	3482	1236.43943126035	6	5	17	12	1	1	1	1	1	1
SER213A	3	2	7	3	1180	1077	3	2	6	1	1	1	1	1	1	1
LEU216A	4	3	10	5	3526	1180	3	2	6	0	1	1	1	1	1	1
ARG220A	2	1	3	1	1180	1	2	1	2	0	1	1	1	1	1	1
SER217A	3	2	6	1	3536	1180	3	2	6	0	1	1	1	1	1	1
SER219A	2	1	2	1	1180	1	2	1	2	0	1	1	1	1	1	1
LYS218A	4	2	13	5	1697	5.06056873964621	3	2	8	4	1	1	1	1	1	1
LEU248A	6	3	14	6	2398	1895.72811729479	4	3	6	3	1	1	1	1	1	1
ASP304A	2	2	6	6	1180	590.5	2	2	5	5	1	1	1	1	1	1
LEU222A	5	4	20	15	1382	1227.3420436556	5	4	16	9	1	1	1	1	1	1
GLY239A	10	10	27	20	5863	3521.5	5	5	11	9	1	1	1	1	1	1
ALA243A	6	6	23	18	720	456.929839049604	3	3	7	5	1	1	1	1	1	1
ALA227A	5	5	5	4	1	1	1	1	1	1	1	1	1	1	1	1
GLU223A	2	1	4	1	1	1	1	1	1	1	1	1	1	1	1	1
ASN224A	2	1	4	1	1	1	1	1	1	1	1	1	1	1	1	1
ILE226A	3	2	12	9	4684	2342.5	2	2	4	4	1	1	1	1	1	1
PRO230A	4	3	8	6	33	33	2	2	3	2	1	1	1	1	1	1
GLY231A	3	3	3	3	1180	1180	2	2	1	0	1	1	1	1	1	1
GLU232A	2	1	2	1	1180	1	2	1	1	0	1	1	1	1	1	1
GLY236A	8	8	20	16	4067	3728.86711715813	6	6	21	14	1	1	1	1	1	1
LYS233A	2	1	7	1	1	1	1	1	1	1	1	1	1	1	1	1
LYS234A	2	1	9	1	1180	1	2	1	4	0	1	1	1	1	1	1
ASN235A	4	1	9	1	44	1	3	1	8	0	1	1	1	1	1	1
ASN240A	6	4	19	8	3744	313.664307192132	5	4	15	8	1	1	1	1	1	1
ASN255A	5	4	12	10	1264	1252.46857564974	5	4	16	8	1	1	1	1	1	1
PHE256A	5	3	13	6	4731	1179.96062243069	4	3	12	5	1	1	1	1	1	1
LEU241A	6	4	24	7	726	609.758270595292	4	4	14	6	1	1	1	1	1	1
PRO250A	7	7	22	17	3338	3215.53998531933	5	5	22	15	1	1	1	1	1	1
SER245A	5	3	16	6	57527	24117.3627416233	4	2	10	1	1	1	1	1	1	1
PHE252A	5	3	19	7	1340	1042.46001468067	5	3	23	5	1	1	1	1	1	1
PHE290A	9	2	29	5	28226	1959	8	2	31	4	1	1	1	1	1	1
LEU244A	7	5	22	11	15578	7613.50129965617	6	5	26	11	1	1	1	1	1	1
LEU266A	5	5	12	7	34660	26348.4856885821	5	5	9	6	1	1	1	1	1	1
LEU264A	11	8	24	12	15054	12739	10	7	32	10	1	1	1	1	1	1
GLN265A	4	2	9	2	2373	1	3	1	8	0	1	1	1	1	1	1
GLY247A	3	3	9	7	1216	1216	3	3	8	6	1	1	1	1	1	1
THR249A	6	6	19	15	270	270	4	4	13	6	1	1	1	1	1	1
LYS263A	5	1	16	1	3544	1	3	1	6	0	1	1	1	1	1	1
ASN251A	4	4	4	1	5790	5401.35387204203	4	4	4	1	1	1	1	1	1	1
LYS253A	2	1	3	1	1180	1	2	1	3	0	1	1	1	1	1	1
ASP261A	3	2	5	3	1180	389.646127957974	2	2	3	3	1	1	1	1	1	1
ASP257A	2	2	4	3	1	1	1	1	1	1	1	1	1	1	1	1
LEU258A	6	5	14	12	2349	1473	4	4	11	8	1	1	1	1	1	1
ILE282A	7	5	21	10	3529	2541.00345033282	5	3	15	2	1	1	1	1	1	1
ALA259A	2	2	5	5	1	1	1	1	1	1	1	1	1	1	1	1
ALA262A	5	5	10	8	1264	632.5	2	2	4	4	1	1	1	1	1	1
LEU278A	6	6	22	14	7050	3525.5	5	5	20	11	1	1	1	1	1	1
ASP274A	3	2	12	3	4675	1	2	1	9	0	1	1	1	1	1	1
TYR271A	5	3	14	7	7978	650.694710521717	3	2	13	4	1	1	1	1	1	1
LEU275A	5	5	21	12	15039	15039	3	3	16	7	1	1	1	1	1	1
SER267A	3	3	4	1	1	1	1	1	1	1	1	1	1	1	1	1
LYS294A	4	1	11	1	1180	1	2	1	4	0	1	1	1	1	1	1
SER297A	4	4	9	5	17348	4521.31830123999	2	2	4	4	1	1	1	1	1	1
LYS268A	3	1	4	1	1160	1	2	1	2	0	1	1	1	1	1	1
THR270A	4	4	3	1	2339	1906.11834003844	3	3	2	1	1	1	1	1	1	1
ASP269A	2	2	3	3	1180	433.881659961563	2	2	2	2	1	1	1	1	1	1
ASP272A	2	2	4	3	1	1	1	1	1	1	1	1	1	1	1	1
LEU279A	8	7	25	10	7084	5594.58003846255	5	5	18	7	1	1	1	1	1	1
ALA280A	5	5	8	8	1	1	1	1	1	1	1	1	1	1	1	1
ASP276A	2	1	4	1	1	1	1	1	1	1	1	1	1	1	1	1
ASN277A	2	1	4	1	1	1	1	1	1	1	1	1	1	1	1	1
GLY283A	5	5	12	9	1254	892.34686915712	5	5	13	8	1	1	1	1	1	1
ALA287A	5	4	13	6	3490	1705.03683553679	3	3	6	5	1	1	1	1	1	1
GLN281A	3	2	4	1	1180	662.56644901962	2	2	1	1	1180	662.56644901962	2	2	1	1
LYS599A	2	2	2	1	1180	518.43355098038	2	2	1	1	1180	518.43355098038	2	2	1	1
ASP284A	3	2	6	3	1184	175.03625684354	3	2	6	2	1	1	1	1	1	1
ASP288A	3	2	8	4	1	1	1	1	1	1	1	1	1	1	1	1
LEU291A	3	1	7	1	1	1	1	1	1	1	1	1	1	1	1	1
LEU302A	3	2	9	2	22469	1	2	1	6	0	1	1	1	1	1	1
LEU306A	7	6	15	10	48838	47534	7	6	17	10	26176	24872	5	4	6	3
ILE305A	6	4	18	9	1180	565.5	6	4	25	9	146	145.5	4	3	7	3
ILE414A	5	4	18	9	1177	589	4	4	18	13	1177	589	4	4	12	8
SER320A	3	2	8	6	1180	1180	2	2	6	5	1180	1180	2	2	4	3
PRO316A	6	4	17	7	33208	13480.007283948	4	3	16	5	16230	1	2	1	4	0
LEU317A	6	3	25	5	18096	4790	5	3	23	5	8518	1	2	1	4	0
ALA319A	5	5	10	10	1	1	2	2	6	5	1	1	1	1	1	1
GLN402A	6	4	14	5	34503	34503	4	3	9	3	1	1	1	1	1	1
MET321A	3	3	10	7	1180	1180	3	3	4	2	1	1	1	1	1	1
ASN407A	7	4	21	8	1180	1	2	1	2	0	1	1	1	1	1	1
ARG324A	4	3	12	5	37980	18072.5	4	3	9	3	796	398.5	2	2	4	3
ARG400A	7	5	11	6	3189	1052.82491619377	5	3	9	3	3430	1964.47816546687	5	4	4	3
LYS401A	5	2	14	2	87887	55249.5760776853	3	2	7	2	70213	55249.5760776853	2	2	2	2
GLN330A	2	2	3	1	1	1	1	1	1	1	1	1	1	1	1	1
GLU327A	4	1	6	1	2357	1	2	1	2	0	2357	1	2	1	2	0
ASP331A	5	4	13	4	14998	2145.66032703294	4	3	10	4	6995	2145.66032703294	3	3	4	4
HIS328A	4	4	14	8	1288	1014.33591439916	4	4	12	8	58	58	2	2	4	3
LEU399A	7	5	15	7	50920	18154.6152879498	6	5	14	7	43925	766.080254157534	4	2	5	1
TYR359A	6	3	17	4	1379	122.921581562896	4	3	11	4	289	1	4	1	3	0
HIS329A	2	2	3	2	1	1	1	1	1	1	1	1	1	1	1	1
THR333A	4	3	6	2	1	1	1	1	1	1	2303	1	2	1	2	0
LEU398A	5	4	14	10	10520	6105.07590029542	4	3	8	5	11405	11386.3251045758	3	3	5	3
LYS392A	4	3	9	3	9275	7149.01456839131	3	3	4	2	9275	7149.01456839131	3	3	3	2
LEU332A	4	3	12	2	10386	1152.2074702457	3	2	8	2	6813	6813	2	2	1	0
LYS336A	5	1	10	1	2368	1	3	1	6	0	6813	1	2	1	1	0
ALA337A	4	4	9	4	1	1	1	1	1	1	2310	2310	3	3	4	1
LEU334A	5	2	12	3	1185	593	2	2	3	2	1244	593	4	2	4	1
LEU338A	6	5	15	7	1191	597.839400850904	3	3	7	7	53	53	2	2	3	1
LEU389A	5	4	12	3	3564	1751	4	3	8	4	1185	593	2	2	3	1
LEU335A	5	4	15	7	7421	4424.54618342579	4	4	10	6	1	1	1	1	1	1
VAL339A	6	6	12	10	196	196	3	3	6	2	1	1	1	1	1	1
PHE351A	5	4	16	4	13184	1802.45381657421	4	3	11	3	1	1	1	1	1	1
LEU380A	6	4	17	7	3960	188	5	3	15	5	1	1	1	1	1	1
TYR347A	4	2	10	1	3572	2281	4	2	6	0	1	1	1	1	1	1
GLY385A	4	4	10	8	1175	584.466406490543	3	3	7	7	1	1	1	1	1	1
THR386A	7	6	16	11	6181	4959.61261835175	6	6	14	10	1	1	1	1	1	1
GLN342A	6	4	11	6	10602	6807.07272641296	5	3	12	4	1	1	1	1	1	1
ARG340A	4	2	9	2	1180	1180	3	2	6	1	1	1	1	1	1	1
LEU343A	4	2	10	4	1308	1213	4	2	9	2	1	1	1	1	1	1
PRO344A	5	5	8	6	2357	2357	4	4	9	4	1	1	1	1	1	1
ASP384A	4	2	9	3	1183	239.927273587038	3	2	9	2	1	1	1	1	1	1
MET383A	5	4	14	9	12970	6972.08157430681	5	4	14	7	1	1	1	1	1	1
GLU345A	2	1	4	1	1	1	1	1	1	1	1	1	1	1	1	1
ILE350A	4	2	11	1	1180	1180	3	2	7	0	1	1	1	1	1	1
LYS346A	2	1	3	1	1180	1	2	1	2	0	1	1	1	1	1	1
ALA360A	9	7	22	9	10694	10694	7	6	17	4	177	177	2	2	3	0
PHE352A	2	1	8	1	1180	1	2	1	6	0	1	1	1	1	1	1
ASP353A	3	2	8	1	1214	1	2	1	6	0	1	1	1	1	1	1
LYS356A	3	1	9	1	1144	1	2	1	5	0	1	1	1	1	1	1
GLN354A	5	2	16	2	1232	28	5	2	14	0	1	1	1	1	1	1
GLY361A	10	10	22	20	8100	6158.66680991962	6	6	18	14	1	1	1	1	1	1
GLY365A	5	5	11	11	3	2.14684677679872	3	3	7	4	1	1	1	1	1	1
ASP364A	4	2	8	3	28	1	2	1	4	0	1	1	1	1	1	1
ASN357A	3	2	9	3	52	52	2	2	3	2	1	1	1	1	1	1
GLY358A	8	8	22	19	27194	27194	7	7	21	15	84	84	2	2	3	0
GLU371A	4	3	9	7	5876	2783.09080238203	4	3	8	7	1	1	1	1	1	1
PHE372A	3	2	11	4	1180	398.919745842466	3	2	11	4	1164	398.919745842466	2	2	3	1
PHE375A	4	1	13	1	12472	1	2	1	6	0	1	1	1	1	1	1
TYR362A	7	3	24	5	116269	46397.4239223147	5	3	17	5	101646	46397.4239223147	3	3	4	2
ILE363A	5	3	14	5	1	1	1	1	1	1	30	30	2	2	3	0
ALA367A	6	6	17	16	10462	3476.42476454413	5	5	15	12	1	1	1	1	1	1
GLY366A	4	4	13	13	1180	704.694956726508	4	4	11	11	1	1	1	1	1	1
SER368A	5	4	9	4	3542	3170.97581965091	4	4	6	3	1	1	1	1	1	1
GLN369A	4	3	11	5	1167	503.675083806235	3	2	7	2	1	1	1	1	1	1
GLU370A	2	1	4	1	1180	1	2	1	3	0	1	1	1	1	1	1
TYR373A	4	2	9	4	1267	1267	3	2	6	2	1	1	1	1	1	1
LEU393A	5	5	10	6	14959	8912.24920428034	4	4	6	3	1	1	1	1	1	1
LYS374A	2	1	5	1	1	1	1	1	1	1	1	1	1	1	1	1
PRO378A	6	6	8	3	1	1	1	1	1	1	1	1	1	1	1	1
ILE379A	5	2	11	1	6923	1	2	1	4	0	1	1	1	1	1	1
ILE376A	5	2	13	2	5782	1	2	1	3	0	1	1	1	1	1	1
LYS377A	2	1	5	1	1	1	1	1	1	1	1	1	1	1	1	1
LEU390A	5	4	11	9	1	1	1	1	1	1	1	1	1	1	1	1
GLU387A	3	1	7	1	1	1	1	1	1	1	1	1	1	1	1	1
VAL391A	5	4	8	3	1	1	1	1	1	1	1	1	1	1	1	1
GLU388A	3	1	7	1	1	1	1	1	1	1	1	1	1	1	1	1
ASN394A	3	2	7	4	1	1	1	1	1	1	1	1	1	1	1	1
ASP397A	2	2	6	5	1180	1180	2	2	4	2	1	1	1	1	1	1
THR404A	6	5	16	7	1	1	1	1	1	1	2575	1010.86911288509	2	2	4	3
ASP406A	3	3	10	7	1	1	1	1	1	1	4	2.15272164803761	2	2	4	3
GLY417A	8	8	24	21	1	1	1	1	1	1	1	1	1	1	1	1
LEU416A	5	4	16	8	7262	2734.05752100234	4	4	10	6	1	1	1	1	1	1
GLU441A	4	1	12	1	1178	1	3	1	8	0	1	1	1	1	1	1
THR445A	6	6	12	9	2355	1991	3	3	6	4	1	1	1	1	1	1
HIS420A	4	1	15	1	1	1	1	1	1	1	1	1	1	1	1	1
ARG437A	2	1	5	1	1180	1	2	1	4	0	1	1	1	1	1	1
LEU433A	5	5	14	11	3066	2523.44952013905	4	4	15	10	1	1	1	1	1	1
ASP428A	2	2	1	1	1	1	1	1	1	1	1	1	1	1	1	1
GLU427A	2	1	1	1	1	1	1	1	1	1	1	1	1	1	1	1
PRO431A	3	3	8	6	390	390	2	2	6	3	1	1	1	1	1	1
TRP476A	4	3	8	4	10258	6273.99983339361	2	2	2	1	11159	7445.10503461072	2	2	3	2
LYS442A	2	1	5	1	1	1	1	1	1	1	1	1	1	1	1	1
PHE478A	4	3	10	8	165320	26073.0442364776	4	3	10	7	81766	1	2	1	2	0
PRO449A	5	5	10	8	68896	45860.9680444834	4	4	8	5	827	827	2	2	1	0
LEU455A	7	6	17	12	31437	5332.06253068816	6	5	20	11	1	1	1	1	1	1
VAL452A	7	6	21	11	68024	217	4	3	20	6	1	1	1	1	1	1
TRP464A	9	9	20	14	389828	388376.6871764	9	9	20	11	1	1	1	1	1	1
TYR450A	3	1	11	1	1180	1	3	1	11	0	1	1	1	1	1	1
PHE491A	5	2	12	1	183744	1180	4	2	11	0	1	1	1	1	1	1
TYR451A	4	1	17	1	16578	1	3	1	10	0	1	1	1	1	1	1
ALA488A	7	7	16	12	11136	9961.37697081934	3	3	7	4	2859	1684.37697081934	2	2	3	3
GLY453A	5	5	17	14	3390	1780.72368382139	4	4	16	14	1	1	1	1	1	1
MET465A	8	3	22	6	3108	1196.50122844097	8	3	27	6	1	1	1	1	1	1
ALA463A	6	6	18	12	1540	536.603971534815	4	4	16	13	1	1	1	1	1	1
ALA456A	6	4	16	11	33536	32285.5	6	4	19	7	1	1	1	1	1	1
ILE473A	8	5	22	11	40182	12227.0198945851	7	5	26	13	1	1	1	1	1	1
SER460A	5	4	12	7	16757	1	2	1	5	0	1	1	1	1	1	1
ARG457A	2	1	2	1	1	1	1	1	1	1	1	1	1	1	1	1
GLY458A	3	3	1	1	3	3	2	2	1	0	1	1	1	1	1	1
ASN459A	2	1	2	1	3	1	2	1	1	0	1	1	1	1	1	1
ARG461A	3	2	8	2	1	1	1	1	1	1	1	1	1	1	1	1
ARG494A	2	2	8	8	1180	697.172813151902	2	2	8	8	1	1	1	1	1	1
SER487A	7	4	17	7	972	972	4	4	14	7	1	1	1	1	1	1
THR466A	4	3	13	6	1180	964	4	3	12	4	1	1	1	1	1	1
VAL482A	6	6	21	14	26620	20985.824083339	5	5	20	12	1	1	1	1	1	1
ARG467A	4	4	14	7	1280	806.702775063862	4	4	18	9	1	1	1	1	1	1
ALA486A	6	5	12	10	772	483.037300994049	3	3	7	5	1	1	1	1	1	1
GLU479A	3	2	5	1	3536	275.839452329995	3	2	4	1	1	1	1	1	1	1
LYS468A	2	2	2	2	1180	1180	2	2	2	1	1	1	1	1	1	1
SER469A	4	3	7	1	3532	1	2	1	4	0	1	1	1	1	1	1
VAL481A	7	7	13	11	9414	7403.17294542002	5	5	12	8	938	694.845842438752	2	2	2	2
GLU470A	2	1	3	1	1	1	1	1	1	1	1	1	1	1	1	1
GLU471A	3	1	8	1	1	1	2	1	4	0	1	1	1	1	1	1
THR472A	3	2	11	5	110	1	2	1	3	0	1	1	1	1	1	1
THR474A	6	5	12	8	16133	16019.7375556981	4	4	8	5	15852	4763.63252108743	4	3	4	3
ASN477A	3	3	9	8	1163	114.262444301852	2	2	3	3	2100	357.4166018631	3	3	4	3
LYS484A	6	2	13	1	2426	2082.16054767	4	2	11	1	70	1	2	1	3	0
GLU480A	2	1	6	1	1	1	1	1	1	1	1	1	1	1	1	1
ASP483A	6	4	15	10	17296	12847.4518556815	5	4	10	5	1	1	1	1	1	1
GLY485A	8	8	17	13	23686	6398.74940000615	3	3	9	7	7914	3184.23855668172	2	2	3	3
MET631A	6	5	14	11	22100	13702.3844724989	6	5	13	6	10841	5974.38447249895	4	4	3	2
GLN489A	4	1	13	1	6492	1	2	1	4	0	6492	1	2	1	2	0
SER490A	3	2	7	5	1	1	1	1	1	1	1	1	1	1	1	1
LEU625A	6	5	18	8	38162	29605.563323125	5	5	16	8	17044	17044	3	3	3	0
GLU493A	4	2	7	2	1961	1	3	1	7	0	5	1	2	1	2	0
MET495A	2	2	4	2	1180	1180	2	2	3	1	1	1	1	1	1	1
ILE492A	5	2	18	2	178306	1	4	1	17	0	10553	1	3	1	6	0
THR496A	5	5	16	11	336406	310961.974752071	5	5	17	10	166697	141252.974752071	3	3	6	5
TRP659A	11	8	27	17	277770	58965.7170878707	10	8	33	19	204977	24313.9493249065	5	4	10	4
LYS506A	4	4	6	5	3536	1606.22113425493	4	4	7	5	2357	1136.07592302225	3	3	3	2
ASN497A	2	1	6	1	1180	1	2	1	5	0	1	1	1	1	1	1
VAL507A	7	7	23	19	83677	83109.9985341119	6	6	22	15	42385	41817.998534112	3	3	8	7
PHE498A	2	2	3	3	1180	709.854788767313	2	2	3	3	1	1	1	1	1	1
ASP499A	6	6	17	12	9569	5764.97047261646	4	4	19	14	1	1	1	1	1	1
SER663A	7	6	23	14	19834	3739.39367285957	7	6	26	16	1	1	2	2	2	0
LEU666A	9	7	27	10	9192	2685.32394492587	9	7	36	15	1	1	1	1	1	1
LYS500A	4	2	12	1	1140	351.078194676062	3	2	7	1	1	1	1	1	1	1
ASN501A	6	2	17	3	3478	1325.33275324936	3	2	12	3	1	1	1	1	1	1
LEU662A	7	5	23	9	75156	23702.9061732253	6	4	26	10	20672	13781.7985607133	2	2	4	2
GLN712A	6	3	13	5	2367	106	5	3	11	4	1	1	1	1	1	1
ARG661A	6	2	16	1	3380	782.921805323938	4	2	10	1	181	1	3	1	7	0
LEU502A	8	7	21	15	6465	6429	5	5	21	15	1	1	1	1	1	1
PRO503A	6	6	15	13	2277	2272.65934474736	3	3	7	5	1	1	1	1	1	1
ILE708A	6	4	16	6	4192	2534.08173212529	5	4	16	9	1	1	1	1	1	1
GLU505A	4	2	13	1	1180	265.700566237504	3	2	10	1	1	1	1	1	1	1
LYS665A	5	2	14	1	4002	915.299433762496	5	2	13	1	1	1	1	1	1	1
ALA711A	7	7	16	14	88	41.3406552526377	4	4	10	8	1	1	1	1	1	1
ASN504A	2	1	5	1	1	1	1	1	1	1	1	1	1	1	1	1
LEU508A	8	5	26	11	26149	26149	6	4	27	9	27989	7334.83854627119	5	3	11	1
GLY660A	7	7	21	16	72806	62940.8705641127	5	5	15	10	72694	62828.8705641127	5	5	11	6
PRO509A	5	4	16	11	27852	8146.29533922683	4	3	15	9	26811	20655.1614537288	2	2	4	2
ARG664A	5	3	17	4	1180	2	5	3	19	4	1179	1	3	1	5	0
ILE667A	5	3	17	5	29168	2862	5	3	18	4	2862	2862	3	3	5	2
THR624A	7	7	22	19	29753	19686.3638780789	5	5	18	13	1	1	1	1	1	1
LEU621A	4	3	16	8	1180	580.573019730004	3	3	12	9	1	1	1	1	1	1
GLY658A	5	5	14	11	6523	6523	4	4	15	11	1	1	1	1	1	1
LYS510A	3	1	8	1	1180	1	3	1	7	0	1	1	1	1	1	1
HIS511A	5	3	17	5	7380	2	5	3	12	1	3220	1	2	1	4	0
THR593A	8	7	25	16	4554	3467.78254758621	5	5	17	13	3746	3483	5	5	10	5
VAL620A	8	7	20	15	11252	8245	5	5	18	13	6015	3008	3	3	9	7
TYR656A	6	3	13	3	1163	770.214787117883	4	2	10	1	1	1	1	1	1	1
THR657A	4	3	10	6	2	1	2	1	4	0	1	1	1	1	1	1
SER512A	5	4	17	9	1180	102	5	4	18	8	76	76	3	3	8	5
LEU513A	7	5	20	13	11922	6827.5	7	5	22	12	11707	6720	6	4	12	5
LEU514A	6	3	10	2	4112	590.5	6	3	16	3	2579	1	2	1	2	0
TYR515A	5	3	15	7	71179	8861.13090177533	4	3	11	5	71179	8861.13090177533	4	3	8	4
GLU617A	4	3	12	7	1698	1697	4	3	15	6	1369	1369	2	2	5	3
TYR594A	7	3	22	5	5362	1209.66968524774	5	3	20	4	3162	1	6	2	14	1
LEU597A	5	4	16	9	2068	865	4	3	14	7	1715	858	3	3	9	7
GLU613A	2	2	5	2	1180	590.5	2	2	5	2	1	1	1	1	1	1
THR519A	5	5	15	14	65308	8515.5727516729	2	2	3	3	1	1	1	1	1	1
GLU516A	6	4	21	15	4647	1987.77869402992	4	4	13	11	1	1	1	1	1	1
LEU591A	8	7	20	11	6576	5214.93875838386	7	6	22	12	44	44	2	2	5	1
VAL520A	8	7	19	15	63293	44483.2984001803	5	5	13	9	1	1	1	1	1	1
GLY592A	8	7	22	18	1427	821.5	4	3	11	7	646	587.661490468817	3	3	6	2
TYR517A	3	2	12	2	1180	25.7233435590697	3	2	12	2	1	1	1	1	1	1
LYS554A	8	3	23	3	5266	1722.48968760235	7	3	22	3	2338	1712.21303116142	3	2	6	1
PHE518A	5	3	18	6	40996	7006.20143928671	5	3	21	5	40996	7006.20143928671	5	3	8	1
LEU683A	7	7	19	11	38912	31674	7	7	27	13	24436	24436	4	4	8	3
PHE693A	9	4	23	9	20457	4303.89238748796	7	3	31	9	930	1	3	1	6	0
ALA589A	6	6	12	9	128865	79386.7399246006	4	4	8	7	1	1	1	1	1	1
TYR521A	4	2	15	5	133	20.7332111374995	2	2	3	3	1	1	1	1	1	1
PHE553A	5	3	21	7	42904	10020	4	2	14	1	1	1	1	1	1	1
SER590A	4	1	14	1	1134	1	2	1	4	0	1	1	1	1	1	1
THR525A	6	6	13	7	2780	2193.37590211712	4	4	12	5	1940	1353.37590211712	2	2	4	3
VAL549A	6	6	17	7	1368	787.766788862501	4	4	12	7	1	1	1	1	1	1
ASN522A	4	2	15	4	3188	815	3	2	12	2	3188	815	3	2	5	0
GLU523A	4	3	12	5	61420	27316.3889235463	4	3	10	3	1	1	1	1	1	1
VAL527A	8	7	19	13	59058	50055.6280279913	7	6	24	12	1	1	1	1	1	1
ASN588A	3	1	7	1	1	1	2	1	3	0	1	1	1	1	1	1
LEU524A	6	5	21	8	8776	5181.69192462851	6	5	21	8	1	1	1	1	1	1
LEU540A	7	5	28	10	59770	25486.2988269704	7	5	29	12	5167	1	2	1	4	0
PHE587A	6	2	22	4	19312	1628.88122040977	6	2	23	4	1	1	1	1	1	1
LYS545A	4	1	15	1	1263	1	2	1	5	0	108	1	2	1	5	0
ASN690A	7	4	21	10	9530	8109.62409788288	7	4	21	8	9462	8109.62409788288	5	4	5	1
LYS526A	5	3	16	6	2718	563.12370260145	4	3	12	6	1948	563.12370260145	3	3	6	5
ASN692A	4	1	9	1	3272	1	4	1	12	0	3202	1	3	1	5	0
GLN695A	4	4	10	5	4888	4325.87629739855	4	4	13	5	3013	2450.87629739855	3	3	4	2
GLY582A	4	4	11	11	3536	2448.82730449438	4	4	12	11	1	1	1	1	1	1
LYS528A	3	2	9	1	1180	417.718651157841	3	2	8	1	1	1	1	1	1	1
PHE539A	4	2	8	1	3536	763.281348842159	3	2	8	1	2357	1	2	1	4	0
TYR529A	7	2	22	4	25873	74.174368664335	6	2	20	4	9300	1	3	1	2	0
VAL530A	4	4	11	7	4679	4074.87332633355	3	3	5	3	5796	5796	2	2	2	0
PHE569A	4	2	15	2	11758	6120	4	2	13	1	4732	1	2	1	2	0
ILE580A	7	5	20	5	10087	2264.55091321258	6	4	21	5	1	1	1	1	1	1
MET534A	4	3	9	6	3505	3505	2	2	5	1	3505	3505	2	2	2	0
GLN544A	9	5	24	8	18996	14038.2361917647	6	5	19	10	1	1	2	1	5	0
THR531A	6	6	10	7	1225	655.626673666447	4	4	7	5	1	1	1	1	1	1
PRO537A	4	2	4	1	4711	1	3	1	3	0	1180	1	2	1	1	0
GLU532A	3	1	5	1	1	1	1	1	1	1	1	1	1	1	1	1
PHE575A	4	1	11	1	60	1	3	1	6	0	36	1	2	1	1	0
VAL578A	6	6	10	6	5957	5930.5	4	4	7	4	5904	5904	3	3	2	0
GLY533A	3	3	3	3	1	1	1	1	1	1	1	1	1	1	1	1
LYS536A	2	1	3	1	1	1	1	1	1	1	1	1	1	1	1	1
ALA538A	3	3	5	3	1180	1180	2	2	2	0	1180	1180	2	2	1	0
ILE548A	5	4	20	9	203	93.0022073457037	3	3	9	7	1	1	1	1	1	1
SER541A	3	3	14	10	12362	4799.47394077869	3	3	8	7	5615	1546.38450120771	2	2	5	5
GLY542A	8	8	16	8	7205	5659.61549879229	4	4	7	4	9506	7960.61549879229	6	6	5	1
GLU543A	3	1	8	1	1	1	1	1	1	1	1180	1	2	1	5	0
LYS684A	4	2	8	1	1491	1180	3	2	4	0	1180	1180	2	2	1	0
SER685A	4	2	17	5	1510	24	4	2	14	4	1	1	1	1	1	1
LYS546A	4	1	10	1	1	1	1	1	1	1	2606	1	2	1	5	0
ALA547A	5	5	10	6	149	149	2	2	3	2	1	1	1	1	1	1
TYR568A	4	3	12	7	1320	1123.65561878132	4	3	9	7	1	1	1	1	1	1
GLU573A	4	4	11	5	1206	627.844381218683	4	4	10	6	36	36	2	2	1	0
ASP550A	4	2	9	1	1	1	1	1	1	1	1	1	1	1	1	1
LEU564A	4	4	15	11	12304	6344.73699963717	4	4	12	9	1	1	1	1	1	1
LEU552A	8	7	18	14	22033	8120.074950746	6	5	15	9	1	1	1	1	1	1
LEU551A	4	2	13	2	448	1	2	1	3	0	1	1	1	1	1	1
THR555A	6	5	20	10	2054	1898	4	3	11	4	1	1	1	1	1	1
VAL559A	7	7	20	12	16027	13136.1349290585	5	5	19	11	1	1	1	1	1	1
GLN563A	5	3	16	6	1554	781.5	5	3	16	4	1	1	1	1	1	1
ASP567A	2	1	7	1	1180	1	2	1	5	0	1	1	1	1	1	1
HIS595A	7	6	20	10	6622	6453.48360334774	6	6	16	7	1	1	1	1	1	1
ASP608A	4	4	12	3	4538	1618.11728359084	3	3	10	4	2338	626.786968838579	2	2	2	1
ASN556A	4	1	11	1	1650	1	3	1	9	0	1	1	1	1	1	1
ARG557A	3	3	12	10	1540	775.016396652262	3	3	8	7	1	1	1	1	1	1
LYS558A	2	1	6	1	1	1	1	1	1	1	1	1	1	1	1	1
THR560A	6	5	15	9	3826	1522.07260129261	6	5	16	7	1	1	1	1	1	1
VAL561A	8	8	17	13	6107	5976.42739870739	6	6	18	12	1	1	1	1	1	1
LYS562A	3	1	10	1	1180	1	2	1	5	0	1	1	1	1	1	1
ASP585A	3	1	10	1	1180	1	3	1	10	0	1	1	1	1	1	1
LYS565A	3	1	11	1	1173	1	2	1	3	0	1173	1	2	1	2	0
VAL583A	7	7	17	14	8128	6738.52349642095	6	6	19	12	1	1	1	1	1	1
GLU584A	3	1	11	1	1180	1	2	1	5	0	1	1	1	1	1	1
SER577A	2	1	5	1	1	1	1	1	1	1	1	1	1	1	1	1
GLU579A	2	1	6	1	1	1	1	1	1	1	1	1	1	1	1	1
SER581A	2	2	3	3	1180	194.149199084668	2	2	3	3	1	1	1	1	1	1
ARG586A	2	1	6	1	1180	1	2	1	5	0	1	1	1	1	1	1
ASP596A	4	3	13	7	1555	389.785212882117	3	2	5	1	646	59.3385095311832	2	2	2	2
ARG654A	4	2	11	3	1684	397	3	2	5	1	1	1	1	1	1	1
LEU607A	5	5	9	7	17268	8819.27698057358	5	5	11	9	1	1	1	1	1	1
LEU651A	5	4	11	8	6020	4182	5	4	13	8	1	1	1	1	1	1
LEU598A	3	3	5	5	4912	2672.64054879188	3	3	5	4	1	1	1	1	1	1
LYS604A	3	2	4	3	2010	1	2	1	2	0	1	1	1	1	1	1
ILE600A	3	2	4	1	3536	1180	3	2	5	0	1	1	1	1	1	1
GLN650A	2	1	2	1	1180	1	2	1	2	0	1	1	1	1	1	1
ILE601A	5	4	12	7	12694	5314.08247063454	5	4	14	7	1	1	1	1	1	1
VAL647A	6	6	8	6	7143	7143	4	4	7	3	1	1	1	1	1	1
ASP603A	3	2	8	3	1180	1062	3	2	9	2	1	1	1	1	1	1
PHE606A	6	3	10	3	17850	2187.59323126095	6	3	11	3	1	1	1	1	1	1
ASN612A	4	3	6	3	7061	4906.58788562617	3	3	6	3	1	1	1	1	1	1
LEU642A	4	3	9	3	2665	2071.68930825056	2	2	5	2	1	1	1	1	1	1
LEU616A	4	3	13	6	15577	12012	3	3	9	6	1	1	1	1	1	1
ASN609A	3	3	3	2	2357	562.129574862326	2	2	2	2	1	1	1	1	1	1
GLU611A	2	2	2	2	1	1	1	1	1	1	1	1	1	1	1	1
ILE615A	2	2	3	3	1	1	1	1	1	1	1	1	1	1	1	1
ASP618A	3	2	8	1	103	47.8273722352551	2	2	2	1	1	1	1	1	1	1
THR622A	7	6	11	8	57	57	4	3	11	5	1	1	1	1	1	1
TYR639A	5	2	5	1	4537	56.1726277647449	3	2	2	1	1	1	1	1	1	1
ILE619A	4	2	11	2	4435	4435	2	2	2	1	1	1	1	1	1	1
LEU623A	6	5	13	8	11027	11027	4	4	10	6	1	1	1	1	1	1
ILE632A	5	3	12	7	33354	17234	5	3	14	3	1	1	1	1	1	1
LEU636A	6	6	12	10	11822	10267	6	6	15	8	1	1	1	1	1	1
ARG635A	3	1	9	1	1252	1	3	1	8	0	1	1	1	1	1	1
PHE626A	4	2	12	4	37384	4209.43667687501	4	2	13	4	1	1	1	1	1	1
ARG629A	2	1	3	1	1180	1	2	1	3	0	1	1	1	1	1	1
ASP628A	4	4	5	5	5890	5890	4	4	7	4	1	1	1	1	1	1
GLU630A	2	1	3	1	1180	1	2	1	3	0	1	1	1	1	1	1
GLU633A	2	1	1	1	2	1	2	1	1	0	1	1	1	1	1	1
LYS652A	2	2	1	1	2	2	2	2	1	0	1	1	1	1	1	1
MET648A	4	2	11	2	1300	178	3	2	7	0	1	1	1	1	1	1
LYS637A	3	1	3	1	1	1	1	1	1	1	1	1	1	1	1	1
THR638A	4	3	5	2	1	1	1	1	1	1	1	1	1	1	1	1
ALA640A	4	4	5	4	1	1	1	1	1	1	1	1	1	1	1	1
HIS641A	4	3	5	4	1	1	1	1	1	1	1	1	1	1	1	1
PHE643A	4	2	9	3	1436	1	3	1	5	0	1	1	1	1	1	1
ASP644A	2	1	5	1	1180	1	2	1	3	0	1	1	1	1	1	1
LYS646A	2	1	5	1	1	1	1	1	1	1	1	1	1	1	1	1
GLY669A	6	6	17	10	22842	18026.8266603021	5	5	17	9	1	1	1	1	1	1
ILE670A	4	2	10	2	3298	98	4	2	9	1	1	1	1	1	1	1
ILE679A	7	4	25	8	14624	7702.31190959809	7	4	33	10	1	1	1	1	1	1
ASN668A	4	1	12	1	7690	1	3	1	7	0	1	1	1	1	1	1
THR678A	8	7	21	12	16553	11405.3837467	7	6	22	11	1	1	1	1	1	1
LEU680A	3	3	5	2	3297	3297	2	2	2	0	1	1	1	1	1	1
ASP707A	4	3	11	5	1061	1061	2	2	3	1	1	1	1	1	1	1
ARG671A	3	3	9	8	3304	651.389314972265	3	3	8	7	1	1	1	1	1	1
GLY676A	5	5	13	11	1333	1178.54119041048	3	3	8	4	1	1	1	1	1	1
ASP672A	8	6	16	10	6696	4406.58644183005	4	3	14	7	1	1	1	1	1	1
THR703A	5	4	14	11	3566	1866.60095615794	4	4	9	6	1	1	1	1	1	1
SER675A	5	5	17	10	1602	711.263419315002	3	3	13	5	1	1	1	1	1	1
PHE704A	7	6	25	17	12136	6755	7	6	33	15	1	1	1	1	1	1
LEU702A	8	7	20	14	9764	7021.31260201202	6	5	24	15	1	1	1	1	1	1
LYS673A	3	1	9	1	1180	1	2	1	3	0	1	1	1	1	1	1
GLN674A	2	1	7	1	1	1	1	1	1	1	1	1	1	1	1	1
PHE682A	8	4	22	9	7250	1414.09189056155	8	4	36	8	1	1	1	1	1	1
LYS677A	8	3	17	4	2109	1244.64469012345	7	3	22	4	1	1	1	1	1	1
ASP681A	3	3	12	8	1180	643.859087615231	3	3	12	7	1	1	1	1	1	1
LEU696A	6	6	22	17	30396	23121.5	6	6	31	19	1	1	1	1	1	1
ILE697A	4	4	15	5	739	251.585514625359	3	3	10	6	1	1	1	1	1	1
ASP686A	7	5	20	11	5833	2621.13703620367	6	5	25	11	1	1	1	1	1	1
ARG691A	8	4	22	9	23830	8073.15954544671	8	4	29	7	1	1	1	1	1	1
GLY687A	4	4	11	8	1247	1247	3	3	7	3	1	1	1	1	1	1
ALA689A	4	4	11	6	1179	926.703418349621	3	3	12	7	1	1	1	1	1	1
PHE688A	3	1	4	1	1179	1	2	1	2	0	1	1	1	1	1	1
MET694A	3	2	8	4	1	1	1	1	1	1	1	1	1	1	1	1
HIS698A	2	2	2	2	1	1	1	1	1	1	1	1	1	1	1	1
ASP699A	5	3	13	2	5810	1	2	1	7	0	1	1	1	1	1	1
ASP700A	3	2	5	1	2357	520.727086901875	2	2	1	1	1	1	1	1	1	1
SER701A	3	1	10	1	1	1	1	1	1	1	1	1	1	1	1	1
LYS705A	3	2	2	1	2357	1837.27291309812	2	2	1	1	1	1	1	1	1	1
GLN709A	2	2	2	2	1	1	1	1	1	1	1	1	1	1	1	1
LYS710A	2	1	6	1	1	1	1	1	1	1	1	1	1	1	1	1
VAL713A	2	2	5	3	1	1	1	1	1	1	1	1	1	1	1	1
GLU722A	4	1	6	1	1180	1	2	1	1	0	1	1	1	1	1	1
SER719A	2	2	3	1	1180	1180	2	2	1	0	1	1	1	1	1	1
ILE724A	6	3	12	4	3184	882.69300935464	4	2	8	1	1206	882.69300935464	3	2	4	1
LEU720A	5	5	15	11	1852	1185.94812714192	4	4	10	8	1852	1185.94812714192	4	4	5	4
ILE934A	6	4	14	5	3536	1206	5	3	10	1	1208	1206	4	3	6	1
VAL741A	8	6	18	11	7422	5055.75796909556	4	4	10	8	1850	667.051872858082	2	2	3	3
ARG938A	5	4	15	7	4422	2361.29390376252	4	4	7	6	1	1	2	2	3	3
ALA725A	6	5	10	4	5698	1	2	1	3	0	5698	1	2	1	2	0
HIS721A	2	1	5	1	1	1	1	1	1	1	1	1	1	1	1	1
ASN726A	3	2	7	1	1	1	1	1	1	1	1	1	1	1	1	1
HIS723A	2	1	5	1	1180	1	2	1	4	0	1180	1	2	1	3	0
LEU727A	5	3	10	4	3885	3405.62510507301	4	3	7	2	5520	1427.62510507301	4	2	4	1
LEU738A	2	2	5	2	1180	298.30699064536	2	2	3	1	1180	298.30699064536	2	2	2	1
LYS734A	5	3	12	6	9254	5701	4	3	6	2	5701	5701	3	3	4	1
ALA728A	4	3	7	5	3	1	2	1	2	0	3614	3614	2	2	3	1
HIS930A	5	3	13	2	1904	477.374894926986	2	2	3	2	1904	477.374894926986	2	2	3	1
GLY729A	4	4	8	5	12944	12944	3	3	7	4	1	1	1	1	1	1
ILE927A	4	3	13	5	1180	407.439509856421	3	3	3	2	1	1	1	1	1	1
SER730A	5	3	11	3	528348	255539.064611438	5	3	11	3	1	1	1	1	1	1
ILE733A	5	2	17	3	509318	145116.256865058	4	2	13	3	1	1	1	1	1	1
ILE737A	6	4	23	10	7859	2521.6674222464	3	3	5	5	1	1	1	1	1	1
GLU1099A	5	3	16	2	77106	11011.789761907	2	2	3	2	89780	14195.2972927156	3	3	3	2
ASP745A	4	2	12	6	1178	1	2	1	3	0	1	1	1	1	1	1
LYS742A	3	1	13	1	1239	1	2	1	5	0	1	1	1	1	1	1
VAL748A	5	5	11	5	1977	1630	3	3	7	1	1	1	1	1	1	1
GLU746A	5	4	17	9	5717	2286.75160302503	4	4	11	8	1	1	1	1	1	1
SER1351A	5	5	12	11	1180	574.539862000379	3	3	5	4	1	1	1	1	1	1
LYS749A	2	1	4	1	1	1	1	1	1	1	1	1	1	1	1	1
ARG753A	3	1	6	1	2132	1	3	1	5	0	1	1	1	1	1	1
MET939A	7	3	18	7	4664	348	6	2	21	2	3970	1	2	1	5	0
TYR1356A	3	2	9	7	1180	327.949190065169	3	2	6	4	1	1	1	1	1	1
GLY752A	4	4	5	2	5146	5146	4	4	7	1	1	1	1	1	1	1
VAL953A	8	7	16	10	13272	8822.35228810007	7	6	22	11	13272	8822.35228810007	6	5	6	3
GLU952A	3	2	9	2	240	27.5375456293955	2	2	4	2	240	27.5375456293955	2	2	2	1
LYS954A	4	1	14	1	3200	1	3	1	10	0	6840	1	3	1	5	0
LEU958A	6	6	20	17	71401	30241.1101377787	4	4	11	10	36175	18283.5	4	4	7	4
ASN990A	7	4	23	8	66733	8381.17003683018	4	3	10	4	31938	6184.17003683018	4	2	10	2
GLY994A	8	8	26	25	7272	3636.5	3	3	8	7	7272	3636.5	4	4	8	6
VAL955A	6	6	15	9	9353	6953.11259989982	4	4	9	6	3656	3656	3	3	5	0
SER960A	3	2	5	2	1043	1	2	1	3	0	1043	1	2	1	1	0
ALA764A	4	3	9	4	1180	1005	3	2	9	3	1	1	1	1	1	1
ARG925A	5	5	11	7	118533	118533	4	4	9	4	1	1	1	1	1	1
THR928A	6	5	16	8	12873	11046.1108916091	4	4	10	6	1	1	1	1	1	1
ARG765A	3	1	5	1	1180	1	2	1	3	0	1	1	1	1	1	1
GLN768A	2	1	1	1	1	1	1	1	1	1	1	1	1	1	1	1
THR769A	2	2	1	1	1	1	1	1	1	1	1	1	1	1	1	1
ARG780A	3	1	9	1	1180	1	3	1	9	0	1	1	1	1	1	1
LEU806A	7	7	12	6	11735	11735	6	6	13	4	1	1	1	1	1	1
TYR812A	6	2	13	1	9433	1	5	2	13	0	1	1	1	1	1	1
MET781A	2	1	6	1	1180	1	2	1	5	0	1	1	1	1	1	1
ARG783A	3	2	6	1	3490	1159	3	2	8	0	1	1	1	1	1	1
LEU891A	7	6	20	16	19878	10007.5941205271	7	6	22	13	1	1	1	1	1	1
LYS890A	3	1	8	1	1184	1	3	1	7	0	1	1	1	1	1	1
GLY787A	9	9	16	13	9343	5990.60699548604	4	4	17	14	1	1	1	1	1	1
ILE784A	6	4	17	5	3536	2767.43781912847	5	4	12	3	1	1	1	1	1	1
TYR815A	2	1	5	1	1180	1	2	1	4	0	1	1	1	1	1	1
LEU816A	5	5	15	10	2576	885.119216300379	3	3	10	8	1	1	1	1	1	1
GLU786A	2	1	8	1	1	1	1	1	1	1	1	1	1	1	1	1
ILE788A	4	2	10	2	1130	1130	3	2	5	1	1	1	1	1	1	1
ALA889A	9	9	18	16	2396	1050.24184855799	6	6	18	12	1	1	1	1	1	1
LYS789A	2	1	8	1	1	1	1	1	1	1	1	1	1	1	1	1
GLU790A	3	1	13	1	1	1	2	1	5	0	1	1	1	1	1	1
LEU791A	8	5	20	8	6180	4736.23431605369	7	5	22	9	1	1	1	1	1	1
GLY792A	4	4	7	5	1180	1180	3	3	3	1	1	1	1	1	1	1
ASN818A	4	2	11	4	12710	1202.26568394631	4	2	13	4	1	1	1	1	1	1
LEU886A	7	5	21	13	10441	5190.5	5	4	21	12	1	1	1	1	1	1
GLN885A	3	1	11	1	1177	1	2	1	6	0	1	1	1	1	1	1
SER793A	2	1	3	1	1180	1	2	1	2	0	1	1	1	1	1	1
GLN805A	5	2	8	1	2359	1180	3	2	3	0	1	1	1	1	1	1
GLU802A	3	1	9	1	1180	1	3	1	7	0	1	1	1	1	1	1
ASN803A	2	1	2	1	1180	1	2	1	1	0	1	1	1	1	1	1
THR804A	3	3	4	2	1180	1180	2	2	1	0	1	1	1	1	1	1
LEU811A	2	2	4	2	1180	1180	2	2	2	1	1	1	1	1	1	1
ASN808A	2	2	1	1	2	2	2	2	1	0	1	1	1	1	1	1
GLU809A	2	1	1	1	2	1	2	1	1	0	1	1	1	1	1	1
LEU857A	10	6	26	13	19345	12632.5	8	5	25	9	1	1	1	1	1	1
LYS810A	6	4	14	5	15166	7014	6	4	16	3	1	1	1	1	1	1
VAL838A	5	5	17	12	9036	8594.5	3	3	12	7	1	1	1	1	1	1
LEU833A	4	3	9	2	1180	1172	4	3	11	1	1	1	1	1	1	1
SER834A	3	2	6	2	3532	1	2	1	5	0	1	1	1	1	1	1
TYR836A	4	2	9	3	5808	2318	4	2	10	0	1	1	1	1	1	1
ILE852A	3	2	7	2	1198	73	3	2	6	1	1	1	1	1	1	1
LEU813A	5	4	19	14	14965	14965	3	3	11	7	1	1	1	1	1	1
GLN817A	6	5	22	14	10624	10401	5	4	22	10	1	1	1	1	1	1
VAL856A	8	7	30	16	62157	33406.6665045419	5	4	19	7	1	1	1	1	1	1
TYR814A	5	2	15	1	23434	1212	5	2	17	0	1	1	1	1	1	1
GLY819A	6	6	14	9	17332	17332	6	6	20	8	1	1	1	1	1	1
ILE830A	4	1	8	1	1215	1	3	1	7	0	1	1	1	1	1	1
TYR882A	5	4	18	10	224	224	3	3	11	6	1	1	1	1	1	1
ARG820A	8	4	16	4	8048	3431	8	4	24	3	1	1	1	1	1	1
MET822A	8	4	26	13	2260	758.913323206739	7	4	25	10	1	1	1	1	1	1
GLU827A	4	1	12	1	1138	1	3	1	12	0	1	1	1	1	1	1
LEU828A	6	5	21	13	1802	1464	5	4	24	10	1	1	1	1	1	1
GLN826A	5	4	16	9	3590	566.178726142918	5	4	19	7	1	1	1	1	1	1
ASP825A	4	1	14	1	1180	1	4	1	15	0	1	1	1	1	1	1
ASP821A	9	7	23	13	1670	139.415115045299	6	4	20	9	1	1	1	1	1	1
MET879A	7	6	21	16	2366	2366	5	5	18	9	1	1	1	1	1	1
VAL824A	7	6	18	8	3651	977.388269145248	5	4	14	5	1	1	1	1	1	1
THR858A	8	7	25	12	3694	3591.5848849547	6	6	17	5	1	1	1	1	1	1
TYR823A	7	1	25	1	8077	1	5	1	20	0	1	1	1	1	1	1
ARG859A	5	2	16	3	1182	644.736692874065	4	2	14	3	1	1	1	1	1	1
TRP883A	8	7	25	20	32340	23458.5203626031	5	4	18	10	1	1	1	1	1	1
LEU900A	7	6	26	11	64734	33186.588360703	6	5	26	10	1	1	1	1	1	1
PRO871A	8	5	32	15	5270	4083.5	7	4	30	10	1	1	1	1	1	1
ASN863A	4	3	12	6	1218	329.696311837768	4	3	10	3	1	1	1	1	1	1
ASP829A	4	3	5	1	2318	1	2	1	3	0	1	1	1	1	1	1
ASN831A	2	1	3	1	1	1	1	1	1	1	1	1	1	1	1	1
ARG832A	2	1	2	1	1180	1	2	1	1	0	1	1	1	1	1	1
ASP835A	3	3	2	1	1180	1180	2	2	1	0	1	1	1	1	1	1
ASP837A	6	4	14	3	1214	589.225418623072	5	4	14	2	1	1	1	1	1	1
ASP861A	2	2	5	3	1180	625.774581376928	2	2	4	3	1	1	1	1	1	1
SER860A	5	2	14	2	1202	1	4	1	12	0	1	1	1	1	1	1
ASP839A	5	3	18	8	12189	2981.34548598581	3	2	12	6	1	1	1	1	1	1
ALA840A	6	5	17	10	1471	476.081874418793	5	4	19	8	1	1	1	1	1	1
ARG864A	8	7	20	12	31690	26346.1545140142	8	7	25	11	1	1	1	1	1	1
ASN854A	4	4	12	9	4946	2966.43372189161	4	4	13	8	1	1	1	1	1	1
ILE841A	10	5	26	10	80068	23820.0574966429	8	5	31	10	1	1	1	1	1	1
VAL842A	6	5	15	11	2633	833.738355991944	3	2	7	3	1	1	1	1	1	1
PRO843A	5	5	15	8	27809	27809	2	2	3	0	1	1	1	1	1	1
LYS855A	4	1	16	1	1118	1	3	1	9	0	1	1	1	1	1	1
LEU847A	4	3	8	4	5767	5767	3	3	3	1	1	1	1	1	1	1
PHE846A	5	2	9	1	117263	1060	3	2	5	0	116204	1	2	1	2	0
ASN869A	5	2	14	1	54748	1	4	1	14	0	1	1	1	1	1	1
GLN920A	6	5	12	3	118754	118173	5	5	5	2	117273	117273	3	3	2	0
SER845A	3	2	8	2	1070	1	2	1	4	0	1070	1	2	1	2	0
ASP868A	3	1	6	1	1060	1	2	1	2	0	1	1	1	1	1	1
LYS848A	2	1	3	1	1180	1	2	1	2	0	1	1	1	1	1	1
ASP849A	5	4	6	3	4601	7.5	3	2	5	2	1	1	1	1	1	1
ASP850A	2	2	4	3	1	1	1	1	1	1	1	1	1	1	1	1
SER851A	3	3	4	3	1068	1068	2	2	2	0	1	1	1	1	1	1
ARG895A	5	4	7	3	150	119.5	4	3	7	1	1	1	1	1	1	1
ASP853A	3	1	4	1	1180	1	3	1	4	0	1	1	1	1	1	1
LYS896A	4	3	8	2	1126	1126	3	3	4	1	1	1	1	1	1	1
VAL875A	5	5	16	14	1266	1252.11015849412	4	4	11	6	1	1	1	1	1	1
GLY865A	3	3	7	7	3536	3536	3	3	8	6	1	1	1	1	1	1
SER867A	2	1	7	1	1180	1	2	1	7	0	1	1	1	1	1	1
LYS866A	2	1	2	1	1180	1	2	1	2	0	1	1	1	1	1	1
VAL870A	8	8	19	14	22646	20254.2402934376	7	7	19	9	1	1	1	1	1	1
ALA903A	7	6	16	11	3555	1849.53685662837	5	4	19	9	1	1	1	1	1	1
GLY907A	7	7	14	12	8560	4382.49869423375	7	7	20	12	1	1	1	1	1	1
LEU908A	3	1	10	1	1180	1	3	1	12	0	1	1	1	1	1	1
ASN899A	3	2	10	3	2434	1	2	1	6	0	1	1	1	1	1	1
LYS902A	5	1	16	1	1180	1	4	1	16	0	1	1	1	1	1	1
VAL876A	9	8	22	17	10497	9359.80430202267	6	6	19	11	1	1	1	1	1	1
SER872A	3	2	10	4	1250	14.8898415058806	3	2	8	3	1	1	1	1	1	1
GLU873A	2	1	6	1	1180	1	2	1	4	0	1	1	1	1	1	1
LYS877A	2	1	8	1	1	1	1	1	1	1	1	1	1	1	1	1
THR901A	7	6	19	8	8185	1145.19569797733	5	4	14	5	1	1	1	1	1	1
GLU904A	4	1	15	1	1157	1	3	1	9	0	1	1	1	1	1	1
LYS880A	2	1	7	1	1	1	1	1	1	1	1	1	1	1	1	1
ILE892A	4	3	14	10	1180	1173	4	3	12	6	1	1	1	1	1	1
ARG884A	2	2	3	1	1180	590.5	2	2	2	1	1	1	1	1	1	1
PHE897A	4	2	9	1	4707	590.5	3	2	5	1	1	1	1	1	1	1
LEU887A	5	5	9	7	5904	5589.77201382052	5	5	10	6	1	1	1	1	1	1
THR893A	4	3	9	6	1216	25	4	3	9	3	1	1	1	1	1	1
GLN894A	4	3	7	4	1179	315.227986179481	3	2	7	4	1	1	1	1	1	1
ASN888A	2	1	8	1	1	1	1	1	1	1	1	1	1	1	1	1
ASP898A	3	1	8	1	1	1	1	1	1	1	1	1	1	1	1	1
ARG905A	2	1	2	1	1180	1	2	1	2	0	1	1	1	1	1	1
GLY906A	3	3	6	6	3536	2358.72415570025	3	3	7	6	1	1	1	1	1	1
SER909A	4	2	8	1	3754	2246	4	2	8	0	2367	2246	3	2	2	0
ASP912A	3	2	8	2	122	122	2	2	3	1	122	122	2	2	2	1
LEU911A	3	1	7	1	2246	1	2	1	3	0	2246	1	2	1	2	0
ALA914A	6	6	12	10	8224	8224	3	3	3	1	1	1	1	1	1	1
GLY915A	7	7	12	8	1	1	1	1	1	1	1	1	1	1	1	1
LYS913A	2	1	5	1	1	1	1	1	1	1	1	1	1	1	1	1
ALA1034A	6	5	11	6	9395	739.127922984683	3	2	7	5	1	1	1	1	1	1
LYS1035A	3	1	9	1	1180	1	2	1	2	0	1	1	1	1	1	1
PHE916A	4	1	11	1	320	1	2	1	4	0	1	1	1	1	1	1
LYS918A	4	1	9	1	18385	1	3	1	5	0	1	1	1	1	1	1
ARG919A	4	3	9	6	32	1	2	1	2	0	1	1	1	1	1	1
ILE917A	3	2	9	4	1163	582	2	2	4	4	1	1	1	1	1	1
VAL922A	5	5	12	8	114338	114338	4	4	8	4	107125	107125	2	2	2	1
PHE1038A	3	2	7	1	1180	760	3	2	7	0	1	1	1	1	1	1
LYS959A	3	2	7	3	1180	32	3	2	3	0	1149	1	2	1	2	0
LEU921A	7	6	14	11	142502	26114.5	6	5	12	7	1	1	1	1	1	1
LEU962A	5	5	15	14	70710	35355.5	5	5	14	13	35784	17892.5	2	2	3	3
ILE1042A	4	4	12	11	9329	4665	3	3	9	8	1	1	1	1	1	1
LYS961A	4	2	8	1	3663	1	2	1	5	0	1	1	1	1	1	1
GLU923A	6	3	11	5	8410	1149	3	2	5	1	108273	1149	3	2	2	0
GLU1005A	3	1	4	1	2357	1	2	1	3	0	1	1	1	1	1	1
THR924A	2	2	5	3	1	1	1	1	1	1	1	1	1	1	1	1
GLN926A	2	2	4	2	1	1	1	1	1	1	1	1	1	1	1	1
LYS929A	3	1	8	1	1	1	1	1	1	1	1	1	1	1	1	1
THR957A	5	4	14	9	8297	3170.38910839089	3	3	6	6	3266	3266	2	2	3	0
ALA932A	7	7	17	14	17620	11816.8874001002	4	4	9	7	1	1	1	1	1	1
GLN933A	4	2	9	1	2357	1	2	1	4	0	1	1	1	1	1	1
PHE1008A	5	3	10	2	15278	5888	5	3	7	0	4711	3532	3	2	2	0
SER937A	2	2	3	1	1	1	1	1	1	1	1	1	1	1	1	1
ASP936A	3	2	7	2	4314	538.408628913151	3	2	5	2	1	1	1	1	1	1
ASN940A	4	3	8	7	3767	3229.59137108685	3	3	8	6	1808	1808	2	2	5	4
THR941A	2	2	3	3	1	1	1	1	1	1	1	1	1	1	1	1
ILE956A	5	2	12	2	2557	1279	2	2	2	2	3672	1	4	1	6	0
ILE998A	4	3	11	3	6088	3044.5	3	3	4	4	1	1	1	1	1	1
ASP965A	3	2	3	1	1	1	1	1	1	1	1	1	1	1	1	1
MET1043A	6	6	16	13	8877	6955.34857282609	5	5	16	12	1	1	1	1	1	1
SER964A	2	1	4	1	1	1	1	1	1	1	1	1	1	1	1	1
VAL963A	5	5	14	10	50126	39025.123025434	3	3	6	5	50126	39025.123025434	3	3	6	3
ARG967A	6	5	13	7	16289	15025.0556253277	5	5	11	6	16289	15025.0556253277	4	4	7	3
LEU989A	6	5	27	14	20884	6462.15131240814	4	4	10	10	20728	6182.65131240814	4	3	6	5
ASP969A	2	2	2	2	1	1	1	1	1	1	1	1	1	1	1	1
PHE966A	4	2	12	3	2916	1	3	1	9	0	1	1	1	1	1	1
VAL993A	7	6	22	18	2916	2916	3	3	6	4	404	404	2	2	3	2
PHE1046A	8	4	21	8	13830	398.900462340036	8	4	24	6	6081	1	2	1	3	0
PHE970A	4	3	10	4	4138	2124.17688984415	3	3	8	4	2353	339.176889844152	2	2	1	1
PHE972A	4	2	11	6	1188	241.762798923532	4	2	11	4	1188	241.762798923532	3	2	2	1
LYS974A	4	2	13	2	53448	11974.0062256094	4	2	8	1	39753	1	3	1	4	0
HIS985A	5	3	18	4	1429	484.581197912027	3	2	7	3	2238	2032	3	2	7	1
PHE1080A	3	2	4	2	2353	2014.82311015585	2	2	2	2	2353	2014.82311015585	2	2	1	1
LEU1087A	5	4	17	5	1766	1282.41880208797	4	4	13	5	219	219	2	2	2	1
VAL1083A	8	7	23	11	4283	2658.57517871696	5	5	19	12	970	729.237201076468	2	2	2	1
TYR973A	3	2	6	2	18808	1112.96223335195	3	2	4	1	1	1	1	1	1	1
VAL1233A	6	6	11	10	23353	15667.0528130454	4	4	7	5	1	1	1	1	1	1
LEU1238A	4	3	8	2	8859	7747.03776664805	2	2	2	1	1	1	1	1	1	1
VAL975A	7	7	15	9	43382	37761.9471869546	4	4	7	4	25478	25478	2	2	2	0
ASP986A	5	3	16	4	13696	1722.9937743906	2	2	3	1	1	1	2	2	2	1
ARG976A	4	1	10	1	2135	1	2	1	2	0	1	1	1	1	1	1
GLU977A	3	3	8	6	1	1	1	1	1	1	1	1	1	1	1	1
ILE978A	6	4	21	11	12120	10221.3786681643	4	3	14	7	1	1	1	1	1	1
TYR1237A	3	1	7	1	4599	1	2	1	3	0	1	1	1	1	1	1
HIS982A	5	4	15	6	45780	45780	3	3	6	3	45737	31544.3116965669	3	2	2	1
ASN979A	7	5	20	11	131272	87617	6	4	19	6	1	1	1	1	1	1
LEU1228A	7	6	18	8	15895	12675.4367423736	5	5	17	9	1	1	1	1	1	1
LEU1236A	4	4	14	10	47994	39898.4326586092	4	4	15	10	1	1	1	1	1	1
PHE1313A	8	5	20	10	96082	14128.9154844677	8	5	23	11	1	1	1	1	1	1
GLU1225A	6	5	18	13	2466	498.541243401006	6	5	26	15	1	1	1	1	1	1
TYR981A	8	2	25	3	68659	24875	6	2	20	0	42444	24875	5	2	6	0
LEU1226A	6	5	17	12	140593	63983.1467423351	5	4	21	10	1	1	1	1	1	1
ALA1227A	6	5	20	11	933	933	4	3	12	1	222	222	2	2	2	0
PRO1090A	5	3	16	8	25096	1	3	1	8	0	25096	1	3	1	5	0
LEU997A	6	5	20	12	8036	4348.50223730261	4	4	16	10	1	1	1	1	1	1
PHE1045A	6	4	15	6	8522	2612.24872753127	6	4	17	6	2356	1	2	1	1	0
LEU1004A	4	4	3	2	5890	4124.5	4	4	4	2	1	1	1	1	1	1
LYS999A	2	1	8	1	1180	1	2	1	6	0	1180	1	2	1	5	0
LYS1000A	4	1	12	1	13818	1	4	1	12	0	7193	1	2	1	5	0
PRO1002A	3	3	5	3	6295	6295	2	2	3	0	1	1	1	1	1	1
TYR1001A	5	3	7	4	5461	4282	4	3	8	3	1	1	1	1	1	1
PHE1037A	2	2	4	3	1180	1180	2	2	3	2	1	1	1	1	1	1
ASN1041A	4	1	6	1	3532	1	3	1	5	0	1	1	1	1	1	1
LYS1003A	2	1	3	1	1180	1	2	1	3	0	1	1	1	1	1	1
GLU1007A	2	1	3	1	1180	1	2	1	3	0	1	1	1	1	1	1
SER1006A	2	2	2	1	1	1	1	1	1	1	1	1	1	1	1	1
VAL1009A	2	2	4	3	1180	1180	2	2	4	2	1180	1180	2	2	2	1
TYR1010A	4	1	6	1	3532	1	3	1	6	0	3532	1	2	1	2	0
GLY1011A	3	3	4	2	1180	790.178637399191	2	2	2	2	1	1	1	1	1	1
ASP1012A	3	3	4	2	1180	390.821362600809	3	3	3	1	1	1	1	1	1	1
TYR1013A	2	1	3	1	4	1	2	1	1	0	1	1	1	1	1	1
VAL1015A	4	4	1	1	4	4	2	2	1	0	1	1	1	1	1	1
LYS1014A	2	1	3	1	1	1	1	1	1	1	1	1	1	1	1	1
TYR1016A	2	1	3	1	1	1	1	1	1	1	1	1	1	1	1	1
GLY1030A	6	6	7	5	3540	2800.40027446858	6	6	6	2	1	1	1	1	1	1
ILE1029A	2	1	5	1	1180	1	2	1	5	0	1	1	1	1	1	1
LYS1031A	4	1	8	1	7	1	2	1	5	0	1	1	1	1	1	1
THR1033A	4	3	8	7	5	2.47180254673606	2	2	5	5	1	1	1	1	1	1
ALA1032A	4	3	6	3	1	1	2	1	5	0	1	1	1	1	1	1
ASN1044A	3	3	4	2	1180	1180	2	2	2	1	1	1	1	1	1	1
SER1040A	3	2	4	1	1180	1	3	2	3	0	1	1	1	1	1	1
THR1065A	4	3	7	4	2356	2356	2	2	5	3	2356	2356	2	2	1	0
LYS1047A	2	1	1	1	1	1	1	1	1	1	1	1	1	1	1	1
THR1048A	2	2	1	1	1	1	1	1	1	1	1	1	1	1	1	1
GLU1064A	3	3	4	3	2	2	2	2	1	0	1	1	1	1	1	1
ILE1072A	3	1	9	1	2	1	2	1	1	0	1	1	1	1	1	1
ASN1066A	3	1	5	1	1176	1	2	1	2	0	1	1	1	1	1	1
GLY1067A	4	4	10	7	5870	3058.35507471588	3	3	7	5	1	1	1	1	1	1
GLU1068A	3	1	4	1	1	1	1	1	1	1	1	1	1	1	1	1
THR1069A	3	2	3	1	1	1	1	1	1	1	1	1	1	1	1	1
GLY1070A	3	3	3	2	1178	1178	2	2	2	0	1	1	1	1	1	1
GLU1071A	3	1	9	1	3528	1	3	1	7	0	1	1	1	1	1	1
ASP1079A	4	3	15	8	8210	4331.81380472012	3	3	9	8	1	1	1	1	1	1
ASP1075A	5	4	8	4	5868	2043.60918091342	5	4	8	3	1	1	1	1	1	1
LYS1076A	3	1	5	1	1	1	2	1	4	0	1	1	1	1	1	1
GLY1077A	4	4	7	4	2357	317.390819086579	3	3	7	4	1	1	1	1	1	1
ALA1081A	3	3	7	6	1	1	1	1	1	1	1	1	1	1	1	1
ARG1084A	2	1	7	1	1	1	1	1	1	1	1	1	1	1	1	1
LYS1096A	5	3	14	4	1931	1931	4	3	12	3	2479	930	3	2	4	1
THR1098A	6	5	15	7	3993	3556	5	4	16	6	2808	2808	2	2	2	1
PRO1199A	6	5	20	12	10494	5579.41092691407	6	5	22	11	1	1	1	1	1	1
SER1202A	5	3	17	9	4410	182.083838320058	5	3	20	9	1	1	1	1	1	1
VAL1100A	9	8	22	17	58979	58553.5434714226	6	6	22	15	1	1	1	1	1	1
GLN1101A	7	4	17	9	3056	1177	4	2	11	0	1	1	1	1	1	1
THR1102A	5	4	14	12	1983	1	2	1	5	0	1	1	1	1	1	1
ALA1140A	8	8	21	18	1421	780.95652857744	6	6	21	15	1	1	1	1	1	1
TYR1141A	9	3	24	4	53270	264.991381591317	6	3	17	3	1	1	1	1	1	1
ARG1171A	6	5	16	11	1883	1880.5	5	4	18	8	1	1	1	1	1	1
LYS1197A	4	2	16	3	2218	651	4	2	15	2	1	1	1	1	1	1
LYS1200A	3	1	9	1	1180	1	3	1	7	0	1	1	1	1	1	1
GLY1103A	4	4	10	9	12268	5892.91113355815	3	3	7	6	1	1	1	1	1	1
ILE1168A	6	5	12	9	4788	3508.51638020873	6	5	12	6	1	1	1	1	1	1
GLY1104A	5	5	8	7	11409	5741.5079420529	3	3	7	6	9417	9417	2	2	1	0
PHE1105A	2	1	4	1	1	1	1	1	1	1	1	1	1	1	1	1
SER1106A	4	3	8	4	8004	8004	2	2	3	2	9417	1	2	1	1	0
LYS1107A	3	2	3	1	1	1	1	1	1	1	1	1	1	1	1	1
PHE1134A	5	3	12	5	10332	2329	4	3	9	4	1	1	1	1	1	1
SER1109A	2	2	2	1	1	1	1	1	1	1	1	1	1	1	1	1
ILE1110A	3	2	8	3	1180	372.55452479961	3	2	9	3	1	1	1	1	1	1
GLY1133A	6	6	17	13	38884	28123	5	5	18	12	1	1	1	1	1	1
LEU1111A	6	3	15	4	29956	12879.5653646798	5	3	17	4	1	1	1	1	1	1
PRO1112A	3	2	9	3	588	1	2	1	5	0	1	1	1	1	1	1
GLY1132A	7	7	16	14	28974	18213	6	6	15	10	1	1	1	1	1	1
LEU1119A	6	4	13	5	10580	2204.31946719277	6	4	17	5	1	1	1	1	1	1
ASP1135A	5	3	12	2	30298	2327.43463532018	4	2	13	2	15123	1	2	1	3	0
LYS1113A	2	1	6	1	1180	1	2	1	5	0	1	1	1	1	1	1
ARG1114A	3	3	7	5	8236	6082.68053280723	3	3	6	3	1	1	1	1	1	1
SER1116A	4	3	2	1	3532	1	2	1	2	0	1	1	1	1	1	1
ASP1117A	2	1	3	1	1	1	1	1	1	1	1	1	1	1	1	1
LYS1118A	2	1	3	1	1	1	1	1	1	1	1	1	1	1	1	1
ILE1120A	5	3	12	5	9641	5282.07862478941	4	3	13	6	6771	2417.07862478941	2	2	3	3
PRO1128A	7	6	16	10	13598	7448.08052430135	6	5	21	11	1	1	1	1	1	1
ALA1121A	6	5	14	8	3523	899	5	4	18	7	1	1	1	1	1	1
PRO1137A	5	4	10	5	45772	20265.9213752106	5	4	9	3	22682	20265.9213752106	4	4	3	1
LYS1123A	3	2	7	3	1180	246.269923948752	3	2	9	3	1	1	1	1	1	1
ASP1127A	3	3	7	5	3536	1644.91947569865	3	3	6	4	1	1	1	1	1	1
LYS1129A	3	1	7	1	1180	1	2	1	2	0	1	1	1	1	1	1
SER1136A	3	2	7	2	790	1	2	1	4	0	790	1	2	1	3	0
THR1167A	5	4	13	8	25491	25491	3	3	6	3	1	1	1	1	1	1
THR1138A	3	3	7	7	2688	1190.12592258037	3	3	7	6	1	1	1	1	1	1
VAL1139A	5	5	15	12	3311	1786.43862159985	3	3	4	4	1	1	1	1	1	1
GLY1165A	6	6	21	15	17215	7021.31175587251	3	3	8	6	1	1	1	1	1	1
ILE1166A	8	5	25	11	15826	3675	5	3	16	3	1	1	1	1	1	1
VAL1143A	9	8	32	18	22063	18705.7799404699	5	4	18	7	1	1	1	1	1	1
PHE1174A	6	3	24	10	11986	5442.22480559217	5	3	16	6	1	1	1	1	1	1
GLU1175A	3	3	10	5	475	211.008618408683	2	2	5	2	1	1	1	1	1	1
SER1142A	4	2	17	5	9007	4796.33678963146	3	2	12	4	1	1	1	1	1	1
LEU1163A	7	7	26	22	1410	1236.5	7	7	28	22	1	1	1	1	1	1
ALA1217A	8	6	22	12	48083	14567.1131516942	7	5	22	8	1	1	1	1	1	1
VAL1145A	7	7	24	20	19358	18924	4	4	13	7	1	1	1	1	1	1
LEU1144A	6	5	22	10	4378	3395	4	4	10	6	1	1	1	1	1	1
ILE1195A	5	4	18	12	3536	1200	5	4	18	13	1	1	1	1	1	1
LYS1161A	8	4	19	7	5232	1780.5389937703	7	4	17	7	1	1	1	1	1	1
LEU1343A	5	3	14	6	999	500.012983412884	3	3	9	6	1	1	1	1	1	1
ILE1196A	4	2	16	4	1308	502.5	3	2	7	3	1	1	1	1	1	1
VAL1146A	6	6	19	17	5743	2846.94015031048	4	4	13	9	1	1	1	1	1	1
TYR1187A	5	1	17	1	35820	1	5	1	18	0	1	1	1	1	1	1
LEU1164A	7	5	25	13	1152	259	5	3	16	6	1	1	1	1	1	1
LEU1182A	7	7	23	20	1184	595	6	6	23	16	1	1	1	1	1	1
ALA1147A	7	6	17	12	21034	9636.40876657298	5	4	14	8	1	1	1	1	1	1
LEU1194A	4	4	10	7	10878	5589.05984968952	4	4	9	6	1	1	1	1	1	1
LEU1365A	6	4	12	7	12558	8045	5	4	14	8	1	1	1	1	1	1
VAL1160A	7	7	13	11	13433	11089	3	3	6	5	1	1	1	1	1	1
LYS1148A	2	1	6	1	1	1	1	1	1	1	1	1	1	1	1	1
LYS1188A	3	1	12	1	1180	1	3	1	12	0	1	1	1	1	1	1
GLU1189A	3	1	12	1	1180	1	3	1	12	0	1	1	1	1	1	1
VAL1190A	9	9	17	12	29734	20451.5634249179	9	9	24	12	1	1	1	1	1	1
GLU1150A	3	1	4	1	2357	1	2	1	1	0	5888	1	3	1	3	0
VAL1149A	4	4	9	8	4705	2353	3	3	4	4	3532	3532	2	2	2	0
GLY1186A	4	4	8	4	2201	2193	3	3	6	2	1	1	1	1	1	1
LEU1157A	3	3	2	1	2357	2357	2	2	1	0	3536	3536	3	3	3	0
GLY1152A	4	4	1	1	4	4	2	2	1	0	1	1	1	1	1	1
LYS1151A	2	1	3	1	4	1	2	1	1	0	1	1	1	1	1	1
LYS1153A	2	1	3	1	1	1	1	1	1	1	1	1	1	1	1	1
SER1154A	2	1	3	1	1	1	1	1	1	1	1	1	1	1	1	1
LYS1156A	2	1	2	1	1	1	1	1	1	1	1180	1	2	1	2	0
LYS1158A	2	1	6	1	1	1	1	1	1	1	1	1	1	1	1	1
SER1159A	2	2	6	6	1	1	1	1	1	1	1	1	1	1	1	1
GLU1162A	2	1	6	1	1	1	1	1	1	1	1	1	1	1	1	1
GLY1366A	3	3	9	6	838	838	2	2	6	3	1	1	1	1	1	1
ASP1344A	4	3	12	5	3179	95.9480228168119	3	2	11	3	1	1	1	1	1	1
LEU1362A	7	5	21	11	11556	9494	7	5	25	9	1	1	1	1	1	1
LEU1198A	8	7	25	19	9228	2262.7076612187	7	6	29	20	1	1	1	1	1	1
LEU1214A	8	7	24	18	4505	2893.34101835162	6	6	27	22	1	1	1	1	1	1
THR1339A	7	6	21	16	46598	39031.22835219	6	5	27	14	1	1	1	1	1	1
LYS1185A	4	2	11	4	321	115.5	3	2	5	2	1	1	1	1	1	1
PHE1181A	5	2	11	1	5292	1234	4	2	7	0	1	1	1	1	1	1
GLU1170A	3	1	6	1	3634	1	3	1	5	0	1	1	1	1	1	1
SER1172A	2	2	3	3	1	1	1	1	1	1	1	1	1	1	1	1
SER1173A	4	3	7	4	937	937	2	2	3	1	1	1	1	1	1	1
PRO1178A	6	5	11	4	8251	5151.99525393788	4	4	7	3	1	1	1	1	1	1
LYS1176A	2	1	5	1	1180	1	2	1	3	0	1	1	1	1	1	1
ASN1177A	3	2	6	1	3546	819.899137329707	3	2	4	1	1	1	1	1	1	1
ASP1180A	3	2	5	1	1187	368.100862670293	2	2	2	1	1	1	1	1	1	1
ILE1179A	3	2	11	8	1155	799.527808509099	2	2	8	8	1	1	1	1	1	1
ALA1184A	5	5	7	4	92	92	2	2	2	1	1	1	1	1	1	1
GLU1183A	2	1	4	1	1	1	1	1	1	1	1	1	1	1	1	1
LYS1191A	3	1	10	1	1180	1	3	1	11	0	1	1	1	1	1	1
LYS1192A	2	1	4	1	1180	1	2	1	4	0	1	1	1	1	1	1
LEU1347A	8	7	19	15	2936	1823.45953437169	5	5	18	13	1	1	1	1	1	1
PHE1204A	7	4	27	12	9605	1910.86260007834	6	4	25	11	1	1	1	1	1	1
LEU1203A	7	6	21	10	3741	3278.81792516634	6	5	17	6	1	1	1	1	1	1
LYS1211A	5	1	15	1	5252	1	4	1	12	0	3065	1	2	1	1	0
ARG1212A	7	5	24	9	30824	15215.3665816342	6	4	26	9	1	1	2	2	2	1
MET1213A	5	3	19	10	3372	855.5	5	3	22	11	1669	835	2	2	2	2
GLN1350A	2	2	6	5	1180	446.182074833658	2	2	5	4	1	1	1	1	1	1
VAL1342A	6	4	20	10	9222	5842.17786554997	5	3	22	9	1	1	1	1	1	1
GLU1205A	5	2	18	4	2134	478.799972540674	5	2	18	3	1	1	1	1	1	1
LEU1206A	5	4	15	5	7968	4031.54285321299	5	4	18	5	1	1	1	1	1	1
ALA1345A	6	5	13	9	4270	4267	6	5	16	7	1	1	1	1	1	1
ILE1348A	4	3	18	5	1296	667.5	3	3	11	4	1	1	1	1	1	1
ARG1210A	8	5	19	6	13634	4286.09056515279	8	5	25	6	6223	1	3	1	4	0
GLU1341A	3	1	10	1	1180	1	3	1	11	0	1	1	1	1	1	1
ASN1208A	3	1	6	1	1180	1	3	1	6	0	1176	1	2	1	1	0
GLY1209A	5	5	12	6	1186	594.762663992603	5	5	16	6	987	395.762663992603	2	2	2	2
ARG1279A	4	2	9	1	1208	1176	3	2	5	0	1176	1176	2	2	1	0
ASN1224A	6	3	18	8	20955	592.237336007397	5	3	21	8	987	592.237336007397	3	3	3	1
VAL1280A	7	5	22	12	16868	15301.6573104652	6	4	27	11	6223	6223	3	2	3	0
GLY1223A	5	5	18	11	6981	4404.15854928036	4	4	16	8	3065	3065	2	2	1	0
LEU1220A	7	7	23	19	37486	26600.3433025054	7	7	25	17	1	1	1	1	1	1
TYR1336A	5	3	19	7	30821	16410	4	3	19	6	16410	16410	3	3	2	0
GLN1221A	5	5	11	9	3866	1684.82014604547	5	5	12	10	2351	1275.41782125366	3	3	2	2
ALA1215A	5	5	16	14	1475	1086.09767520819	3	3	9	5	1	1	1	1	1	1
SER1216A	6	4	18	10	1178	396.73830280185	4	4	15	8	1	1	1	1	1	1
GLU1219A	6	2	14	2	15332	1906.49563375099	6	2	16	1	7141	1906.49563375099	2	2	2	1
GLY1218A	6	5	15	11	679	607.884900500197	5	4	14	5	1	1	1	1	1	1
THR1337A	4	3	10	5	527	1	2	1	4	0	1	1	2	2	2	1
ARG1335A	5	3	10	1	12201	5235.50436624901	3	2	8	1	7141	5235.50436624901	3	2	2	1
SER1338A	4	3	11	5	1180	1180	3	2	7	0	1	1	1	1	1	1
GLY1319A	6	6	17	13	6057	3588.70099964257	5	5	15	10	1972	859.656869823564	2	2	2	2
ALA1320A	4	4	10	9	3748	1573.88117910378	3	3	8	8	380	217.92530892278	2	2	2	2
LYS1222A	7	2	26	4	1746	315.042957506811	7	2	28	3	116	1	2	1	2	0
ILE1281A	9	6	26	12	50336	24329.3426895348	9	6	34	12	16295	1	2	1	2	0
PRO1321A	6	5	14	8	5448	5133.95704249319	4	4	12	6	1	1	1	1	1	1
PHE1276A	6	4	20	10	70232	22678.8500928689	6	4	25	9	1	1	1	1	1	1
THR1316A	6	5	21	12	1180	712.00316479606	5	4	24	10	1	1	1	1	1	1
PRO1229A	4	3	13	6	163	66	3	2	8	1	1	1	1	1	1	1
TYR1232A	6	2	11	3	10424	1160.10984417331	6	2	11	2	1	1	1	1	1	1
GLN1272A	3	3	9	6	1180	200.3364463852	3	3	9	5	1	1	1	1	1	1
SER1230A	3	1	7	1	1	1	1	1	1	1	1	1	1	1	1	1
ASN1234A	4	2	7	1	1	1	1	1	1	1	1	1	1	1	1	1
ILE1269A	4	3	8	2	2377	2377	2	2	5	1	1	1	1	1	1	1
GLU1268A	4	4	5	1	3534	1414.79049195152	3	3	6	2	1	1	1	1	1	1
ALA1239A	7	7	12	8	6844	5127.40800476708	4	4	6	4	4157	3569.90800476708	2	2	2	2
PHE1235A	3	2	7	2	1168	370.931168969461	2	2	3	2	1	1	1	1	1	1
LEU1266A	4	3	9	2	6958	2543.06883103054	4	3	9	2	1	1	1	1	1	1
ILE1309A	6	5	15	9	45852	11145.8353137301	6	5	21	12	1	1	1	1	1	1
HIS1241A	3	3	4	1	1	1	1	1	1	1	1	1	1	1	1	1
SER1240A	4	1	7	1	1180	1	2	1	1	0	1	1	1	1	1	1
GLU1260A	4	3	10	6	4705	953.029489465984	3	3	6	4	4705	953.029489465984	3	3	2	2
ILE1302A	5	2	11	2	2722	184.06250576694	4	2	8	2	549	184.06250576694	2	2	2	2
ALA1306A	5	5	9	6	2260	1130.5	2	2	3	3	1	1	1	1	1	1
ILE1310A	2	2	3	1	1180	1180	2	2	1	0	1	1	1	1	1	1
LEU1257A	2	2	1	1	2	2	2	2	1	0	2	2	2	2	1	0
TYR1242A	2	1	1	1	2	1	2	1	1	0	2	1	2	1	1	0
GLN1256A	2	1	3	1	1	1	1	1	1	1	1	1	1	1	1	1
VAL1259A	4	4	3	3	1180	1180	2	2	1	0	1	1	1	1	1	1
HIS1262A	2	2	1	1	1	1	1	1	1	1	1	1	1	1	1	1
PHE1258A	2	1	1	1	1	1	1	1	1	1	1	1	1	1	1	1
LYS1263A	2	1	3	1	1180	1	2	1	1	0	1	1	1	1	1	1
HIS1264A	2	2	3	3	1180	961.099663875167	2	2	2	2	1	1	1	1	1	1
TYR1265A	3	1	4	1	1	1	1	1	1	1	1	1	1	1	1	1
TYR1294A	7	3	14	3	24835	5225	6	3	16	2	1	1	1	1	1	1
ASP1267A	2	1	6	1	1180	1	2	1	5	0	1	1	1	1	1	1
ILE1273A	5	4	16	11	3546	1322.5	4	3	17	9	1	1	1	1	1	1
ILE1270A	6	4	14	9	43677	31074.5	5	4	18	11	1	1	1	1	1	1
SER1274A	3	3	7	5	1	1	2	2	2	2	1	1	1	1	1	1
LEU1291A	4	3	10	5	1140	1140	3	3	5	4	1	1	1	1	1	1
LEU1312A	7	6	18	12	11078	7648.85957849394	7	6	24	15	1	1	1	1	1	1
LEU1315A	5	3	17	6	1572	1314	5	3	20	4	1	1	1	1	1	1
LEU1287A	3	2	8	2	990	834.19316531518	2	2	3	2	1	1	1	1	1	1
SER1277A	4	3	12	6	3068	2036.80683468482	4	3	13	6	1	1	1	1	1	1
LEU1282A	4	3	10	6	2054	1583	4	3	11	4	1	1	1	1	1	1
ALA1283A	5	5	15	10	15652	15652	5	5	16	10	1	1	1	1	1	1
ASP1284A	4	1	5	1	3475	1	2	1	4	0	1	1	1	1	1	1
ASN1286A	7	4	12	3	6541	2641	5	4	10	2	1	1	1	1	1	1
ALA1285A	3	3	7	4	1	1	1	1	1	1	1	1	1	1	1	1
ASP1288A	3	2	5	1	1	1	1	1	1	1	1	1	1	1	1	1
VAL1290A	7	7	19	11	1423	712	4	4	16	10	1	1	1	1	1	1
ILE1331A	6	3	16	8	2757	1634.90135421778	5	3	15	6	1	1	1	1	1	1
ASP1332A	2	1	6	1	1180	1	2	1	4	0	1	1	1	1	1	1
LYS1334A	2	1	6	1	1180	1	2	1	4	0	1	1	1	1	1	1
SER1292A	4	4	7	5	1	1	1	1	1	1	1	1	1	1	1	1
LYS1289A	3	1	7	1	1	1	1	1	1	1	1	1	1	1	1	1
ALA1293A	6	5	13	7	10442	699.576222519757	3	2	6	2	1	1	1	1	1	1
PHE1324A	7	4	18	9	13068	877.598645782219	7	4	23	7	1	1	1	1	1	1
HIS1297A	5	5	8	8	17610	13575.3506445413	5	5	9	7	1	1	1	1	1	1
THR1329A	4	4	6	6	1066	367.423777480243	3	3	4	3	1	1	1	1	1	1
TYR1326A	4	3	12	6	1180	233.305107775995	4	3	16	6	1	1	1	1	1	1
LYS1296A	2	1	4	1	1180	1	2	1	4	0	1	1	1	1	1	1
PHE1327A	5	5	7	5	10580	5991.40173387664	5	5	9	5	1	1	1	1	1	1
ASP1328A	3	3	5	5	1180	138.105763939997	3	3	6	6	1	1	1	1	1	1
LYS1300A	3	1	4	1	1180	1	3	1	6	0	1	1	1	1	1	1
PRO1301A	3	3	3	1	1184	1184	3	3	4	0	1	1	1	1	1	1
GLU1304A	4	1	5	1	1181	1	3	1	6	0	1	1	1	1	1	1
ASN1308A	3	3	6	4	3529	2612.14185764208	2	2	4	4	1	1	1	1	1	1
GLN1305A	2	1	4	1	1	1	1	1	1	1	1	1	1	1	1	1
GLU1307A	3	1	6	1	1	1	1	1	1	1	1	1	1	1	1	1
HIS1311A	4	3	5	1	4718	1180	3	2	5	0	1	1	1	1	1	1
THR1314A	5	4	11	8	23116	14663.2842226959	5	4	11	5	1	1	1	1	1	1
LYS1325A	2	1	3	1	1180	1	2	1	2	0	1	1	1	1	1	1
ASN1317A	4	3	13	8	15336	15336	3	3	11	7	1	1	1	1	1	1
ALA1322A	4	4	9	8	5510	1346.71577730409	2	2	4	3	1	1	1	1	1	1
ALA1323A	4	4	10	7	24	24	3	3	10	5	1	1	1	1	1	1
THR1330A	3	2	7	3	1	1	1	1	1	1	1	1	1	1	1	1
ARG1333A	2	2	4	2	1	1	1	1	1	1	1	1	1	1	1	1
LYS1340A	2	1	3	1	1180	1	2	1	2	0	1	1	1	1	1	1
THR1346A	4	4	18	13	1039	1039	3	3	12	7	1	1	1	1	1	1
HIS1349A	2	2	7	6	1	1	1	1	1	1	1	1	1	1	1	1
ASP1361A	4	4	8	6	3536	1562.89190874885	4	4	9	6	1	1	1	1	1	1
GLN1364A	4	2	7	3	5888	1355.37741734842	3	2	7	3	1	1	1	1	1	1
SER1363A	3	3	5	4	1180	619.730673902721	2	2	3	3	1	1	1	1	1	1
GLU610A	2	1	3	1	1180	1	2	1	2	0	1180	1	2	1	1	0
GLU1207A	2	1	7	1	1180	1	2	1	7	0	1	1	1	1	1	1
LYS3A	1	1	1	1	1	1	1	1	1	1	1	1	1	1	1	1
LYS31A	1	1	1	1	1	1	1	1	1	1	1	1	1	1	1	1
LYS44A	1	1	1	1	1	1	1	1	1	1	1	1	1	1	1	1
HIS129A	1	1	1	1	1	1	1	1	1	1	1	1	1	1	1	1
GLU130A	1	1	1	1	1	1	1	1	1	1	1	1	1	1	1	1
GLN194A	1	1	1	1	1	1	1	1	1	1	1	1	1	1	1	1
ARG215A	1	1	1	1	1	1	1	1	1	1	1	1	1	1	1	1
SER254A	1	1	1	1	1	1	1	1	1	1	1	1	1	1	1	1
GLU260A	1	1	1	1	1	1	1	1	1	1	1	1	1	1	1	1
ASP273A	1	1	1	1	1	1	1	1	1	1	1	1	1	1	1	1
LYS323A	1	1	1	1	1	1	1	1	1	1	1	1	1	1	1	1
ASP326A	1	1	1	1	1	1	1	1	1	1	1	1	1	1	1	1
GLN341A	1	1	1	1	1	1	1	1	1	1	1	1	1	1	1	1
LYS348A	1	1	1	1	1	1	1	1	1	1	1	1	1	1	1	1
GLU349A	1	1	1	1	1	1	1	1	1	1	1	1	1	1	1	1
SER355A	1	1	1	1	1	1	1	1	1	1	1	1	1	1	1	1
GLU381A	1	1	1	1	1	1	1	1	1	1	1	1	1	1	1	1
LYS382A	1	1	1	1	1	1	1	1	1	1	1	1	1	1	1	1
ARG395A	1	1	1	1	1	1	1	1	1	1	1	1	1	1	1	1
GLU396A	1	1	1	1	1	1	1	1	1	1	1	1	1	1	1	1
PHE405A	1	1	1	1	1	1	1	1	1	1	1	1	1	1	1	1
ARG424A	1	1	1	1	1	1	1	1	1	1	1	1	1	1	1	1
LYS434A	1	1	1	1	1	1	1	1	1	1	1	1	1	1	1	1
ASP435A	1	1	1	1	1	1	1	1	1	1	1	1	1	1	1	1
GLU438A	1	1	1	1	1	1	1	1	1	1	1	1	1	1	1	1
ARG535A	1	1	1	1	1	1	1	1	1	1	1	1	1	1	1	1
GLU566A	1	1	1	1	1	1	1	1	1	1	1	1	1	1	1	1
LYS570A	1	1	1	1	1	1	1	1	1	1	1	1	1	1	1	1
LYS571A	1	1	1	1	1	1	1	1	1	1	1	1	1	1	1	1
ILE572A	1	1	1	1	1	1	1	1	1	1	1	1	1	1	1	1
GLU574A	1	1	1	1	1	1	1	1	1	1	1	1	1	1	1	1
ASP576A	1	1	1	1	1	1	1	1	1	1	1	1	1	1	1	1
LYS602A	1	1	1	1	1	1	1	1	1	1	1	1	1	1	1	1
ASP605A	1	1	1	1	1	1	1	1	1	1	1	1	1	1	1	1
ASP614A	1	1	1	1	1	1	1	1	1	1	1	1	1	1	1	1
GLU627A	1	1	1	1	1	1	1	1	1	1	1	1	1	1	1	1
GLU634A	1	1	1	1	1	1	1	1	1	1	1	1	1	1	1	1
ASP645A	1	1	1	1	1	1	1	1	1	1	1	1	1	1	1	1
LYS649A	1	1	1	1	1	1	1	1	1	1	1	1	1	1	1	1
ARG653A	1	1	1	1	1	1	1	1	1	1	1	1	1	1	1	1
ARG655A	1	1	1	1	1	1	1	1	1	1	1	1	1	1	1	1
GLU706A	1	1	1	1	1	1	1	1	1	1	1	1	1	1	1	1
ASP718A	1	1	1	1	1	1	1	1	1	1	1	1	1	1	1	1
ASN767A	1	1	1	1	1	1	1	1	1	1	1	1	1	1	1	1
LYS775A	1	1	1	1	1	1	1	1	1	1	1	1	1	1	1	1
ASN776A	1	1	1	1	1	1	1	1	1	1	1	1	1	1	1	1
SER777A	1	1	1	1	1	1	1	1	1	1	1	1	1	1	1	1
ARG778A	1	1	1	1	1	1	1	1	1	1	1	1	1	1	1	1
GLU779A	1	1	1	1	1	1	1	1	1	1	1	1	1	1	1	1
LYS782A	1	1	1	1	1	1	1	1	1	1	1	1	1	1	1	1
GLU785A	1	1	1	1	1	1	1	1	1	1	1	1	1	1	1	1
GLN807A	1	1	1	1	1	1	1	1	1	1	1	1	1	1	1	1
GLN844A	1	1	1	1	1	1	1	1	1	1	1	1	1	1	1	1
LYS862A	1	1	1	1	1	1	1	1	1	1	1	1	1	1	1	1
GLU874A	1	1	1	1	1	1	1	1	1	1	1	1	1	1	1	1
LYS878A	1	1	1	1	1	1	1	1	1	1	1	1	1	1	1	1
ASN881A	1	1	1	1	1	1	1	1	1	1	1	1	1	1	1	1
GLU910A	1	1	1	1	1	1	1	1	1	1	1	1	1	1	1	1
ILE950A	1	1	1	1	1	1	1	1	1	1	1	1	1	1	1	1
ARG951A	1	1	1	1	1	1	1	1	1	1	1	1	1	1	1	1
LYS968A	1	1	1	1	1	1	1	1	1	1	1	1	1	1	1	1
GLN971A	1	1	1	1	1	1	1	1	1	1	1	1	1	1	1	1
TYR1036A	1	1	1	1	1	1	1	1	1	1	1	1	1	1	1	1
TYR1039A	1	1	1	1	1	1	1	1	1	1	1	1	1	1	1	1
ILE1063A	1	1	1	1	1	1	1	1	1	1	1	1	1	1	1	1
LYS1085A	1	1	1	1	1	1	1	1	1	1	1	1	1	1	1	1
SER1088A	1	1	1	1	1	1	1	1	1	1	1	1	1	1	1	1
ASN1115A	1	1	1	1	1	1	1	1	1	1	1	1	1	1	1	1
LYS1124A	1	1	1	1	1	1	1	1	1	1	1	1	1	1	1	1
ASP1125A	1	1	1	1	1	1	1	1	1	1	1	1	1	1	1	1
LYS1155A	1	1	1	1	1	1	1	1	1	1	1	1	1	1	1	1
MET1169A	1	1	1	1	1	1	1	1	1	1	1	1	1	1	1	1
ASP1193A	1	1	1	1	1	1	1	1	1	1	1	1	1	1	1	1
LYS1231A	1	1	1	1	1	1	1	1	1	1	1	1	1	1	1	1
PRO1249A	1	1	1	1	1	1	1	1	1	1	1	1	1	1	1	1
GLU1250A	1	1	1	1	1	1	1	1	1	1	1	1	1	1	1	1
ASP1251A	1	1	1	1	1	1	1	1	1	1	1	1	1	1	1	1
ASN1252A	1	1	1	1	1	1	1	1	1	1	1	1	1	1	1	1
GLU1253A	1	1	1	1	1	1	1	1	1	1	1	1	1	1	1	1
GLN1254A	1	1	1	1	1	1	1	1	1	1	1	1	1	1	1	1
LYS1255A	1	1	1	1	1	1	1	1	1	1	1	1	1	1	1	1
GLN1261A	1	1	1	1	1	1	1	1	1	1	1	1	1	1	1	1
GLU1271A	1	1	1	1	1	1	1	1	1	1	1	1	1	1	1	1
GLU1275A	1	1	1	1	1	1	1	1	1	1	1	1	1	1	1	1
LYS1278A	1	1	1	1	1	1	1	1	1	1	1	1	1	1	1	1
ASN1295A	1	1	1	1	1	1	1	1	1	1	1	1	1	1	1	1
ARG1298A	1	1	1	1	1	1	1	1	1	1	1	1	1	1	1	1
ASP1299A	1	1	1	1	1	1	1	1	1	1	1	1	1	1	1	1
ARG1303A	1	1	1	1	1	1	1	1	1	1	1	1	1	1	1	1
ARG307A	1	1	1	1	1	1	1	1	1	1	1	1	1	1	1	1
DA0C	1	1	1	1	1	1	1	1	1	1	1	1	1	1	1	1
DG1C	1	1	1	1	1	1	1	1	1	1	1	1	1	1	1	1
DC2C	1	1	1	1	1	1	1	1	1	1	1	1	1	1	1	1
DC3C	1	1	1	1	1	1	1	1	1	1	1	1	1	1	1	1
DA4C	1	1	1	1	1	1	1	1	1	1	1	1	1	1	1	1
DA5C	1	1	1	1	1	1	1	1	1	1	1	1	1	1	1	1
DG6C	1	1	1	1	1	1	1	1	1	1	1	1	1	1	1	1
DC7C	1	1	1	1	1	1	1	1	1	1	1	1	1	1	1	1
DG8C	1	1	1	1	1	1	1	1	1	1	1	1	1	1	1	1
DC9C	1	1	1	1	1	1	1	1	1	1	1	1	1	1	1	1
DA10C	1	1	1	1	1	1	1	1	1	1	1	1	1	1	1	1
DC11C	1	1	1	1	1	1	1	1	1	1	1	1	1	1	1	1
DC12C	1	1	1	1	1	1	1	1	1	1	1	1	1	1	1	1
DT13C	1	1	1	1	1	1	1	1	1	1	1	1	1	1	1	1
DA14C	1	1	1	1	1	1	1	1	1	1	1	1	1	1	1	1
DA15C	1	1	1	1	1	1	1	1	1	1	1	1	1	1	1	1
DT16C	1	1	1	1	1	1	1	1	1	1	1	1	1	1	1	1
DT17C	1	1	1	1	1	1	1	1	1	1	1	1	1	1	1	1
DT18C	1	1	1	1	1	1	1	1	1	1	1	1	1	1	1	1
DC19C	1	1	1	1	1	1	1	1	1	1	1	1	1	1	1	1
DC20C	1	1	1	1	1	1	1	1	1	1	1	1	1	1	1	1
G1B	1	1	1	1	1	1	1	1	1	1	1	1	1	1	1	1
G2B	1	1	1	1	1	1	1	1	1	1	1	1	1	1	1	1
A3B	1	1	1	1	1	1	1	1	1	1	1	1	1	1	1	1
A4B	1	1	1	1	1	1	1	1	1	1	1	1	1	1	1	1
A5B	1	1	1	1	1	1	1	1	1	1	1	1	1	1	1	1
U6B	1	1	1	1	1	1	1	1	1	1	1	1	1	1	1	1
U7B	1	1	1	1	1	1	1	1	1	1	1	1	1	1	1	1
A8B	1	1	1	1	1	1	1	1	1	1	1	1	1	1	1	1
G9B	1	1	1	1	1	1	1	1	1	1	1	1	1	1	1	1
G10B	1	1	1	1	1	1	1	1	1	1	1	1	1	1	1	1
U11B	1	1	1	1	1	1	1	1	1	1	1	1	1	1	1	1
G12B	1	1	1	1	1	1	1	1	1	1	1	1	1	1	1	1
C13B	1	1	1	1	1	1	1	1	1	1	1	1	1	1	1	1
G14B	1	1	1	1	1	1	1	1	1	1	1	1	1	1	1	1
C15B	1	1	1	1	1	1	1	1	1	1	1	1	1	1	1	1
U16B	1	1	1	1	1	1	1	1	1	1	1	1	1	1	1	1
U17B	1	1	1	1	1	1	1	1	1	1	1	1	1	1	1	1
G18B	1	1	1	1	1	1	1	1	1	1	1	1	1	1	1	1
G19B	1	1	1	1	1	1	1	1	1	1	1	1	1	1	1	1
C20B	1	1	1	1	1	1	1	1	1	1	1	1	1	1	1	1
G21B	1	1	1	1	1	1	1	1	1	1	1	1	1	1	1	1
U22B	1	1	1	1	1	1	1	1	1	1	1	1	1	1	1	1
U23B	1	1	1	1	1	1	1	1	1	1	1	1	1	1	1	1
U24B	1	1	1	1	1	1	1	1	1	1	1	1	1	1	1	1
U25B	1	1	1	1	1	1	1	1	1	1	1	1	1	1	1	1
A26B	1	1	1	1	1	1	1	1	1	1	1	1	1	1	1	1
G27B	1	1	1	1	1	1	1	1	1	1	1	1	1	1	1	1
A28B	1	1	1	1	1	1	1	1	1	1	1	1	1	1	1	1
G29B	1	1	1	1	1	1	1	1	1	1	1	1	1	1	1	1
C40B	1	1	1	1	1	1	1	1	1	1	1	1	1	1	1	1
A41B	1	1	1	1	1	1	1	1	1	1	1	1	1	1	1	1
A42B	1	1	1	1	1	1	1	1	1	1	1	1	1	1	1	1
G43B	1	1	1	1	1	1	1	1	1	1	1	1	1	1	1	1
U44B	1	1	1	1	1	1	1	1	1	1	1	1	1	1	1	1
U45B	1	1	1	1	1	1	1	1	1	1	1	1	1	1	1	1
A46B	1	1	1	1	1	1	1	1	1	1	1	1	1	1	1	1
A47B	1	1	1	1	1	1	1	1	1	1	1	1	1	1	1	1
A48B	1	1	1	1	1	1	1	1	1	1	1	1	1	1	1	1
A49B	1	1	1	1	1	1	1	1	1	1	1	1	1	1	1	1
U50B	1	1	1	1	1	1	1	1	1	1	1	1	1	1	1	1
A51B	1	1	1	1	1	1	1	1	1	1	1	1	1	1	1	1
A52B	1	1	1	1	1	1	1	1	1	1	1	1	1	1	1	1
G53B	1	1	1	1	1	1	1	1	1	1	1	1	1	1	1	1
U56B	1	1	1	1	1	1	1	1	1	1	1	1	1	1	1	1
A57B	1	1	1	1	1	1	1	1	1	1	1	1	1	1	1	1
G58B	1	1	1	1	1	1	1	1	1	1	1	1	1	1	1	1
U59B	1	1	1	1	1	1	1	1	1	1	1	1	1	1	1	1
C60B	1	1	1	1	1	1	1	1	1	1	1	1	1	1	1	1
C61B	1	1	1	1	1	1	1	1	1	1	1	1	1	1	1	1
G62B	1	1	1	1	1	1	1	1	1	1	1	1	1	1	1	1
U63B	1	1	1	1	1	1	1	1	1	1	1	1	1	1	1	1
U64B	1	1	1	1	1	1	1	1	1	1	1	1	1	1	1	1
A65B	1	1	1	1	1	1	1	1	1	1	1	1	1	1	1	1
U66B	1	1	1	1	1	1	1	1	1	1	1	1	1	1	1	1
C67B	1	1	1	1	1	1	1	1	1	1	1	1	1	1	1	1
A68B	1	1	1	1	1	1	1	1	1	1	1	1	1	1	1	1
A69B	1	1	1	1	1	1	1	1	1	1	1	1	1	1	1	1
A76B	1	1	1	1	1	1	1	1	1	1	1	1	1	1	1	1
A77B	1	1	1	1	1	1	1	1	1	1	1	1	1	1	1	1
A78B	1	1	1	1	1	1	1	1	1	1	1	1	1	1	1	1
G79B	1	1	1	1	1	1	1	1	1	1	1	1	1	1	1	1
U80B	1	1	1	1	1	1	1	1	1	1	1	1	1	1	1	1
G81B	1	1	1	1	1	1	1	1	1	1	1	1	1	1	1	1
G82B	1	1	1	1	1	1	1	1	1	1	1	1	1	1	1	1
C83B	1	1	1	1	1	1	1	1	1	1	1	1	1	1	1	1
A84B	1	1	1	1	1	1	1	1	1	1	1	1	1	1	1	1
C85B	1	1	1	1	1	1	1	1	1	1	1	1	1	1	1	1
C86B	1	1	1	1	1	1	1	1	1	1	1	1	1	1	1	1
G87B	1	1	1	1	1	1	1	1	1	1	1	1	1	1	1	1
A88B	1	1	1	1	1	1	1	1	1	1	1	1	1	1	1	1
G89B	1	1	1	1	1	1	1	1	1	1	1	1	1	1	1	1
U90B	1	1	1	1	1	1	1	1	1	1	1	1	1	1	1	1
C91B	1	1	1	1	1	1	1	1	1	1	1	1	1	1	1	1
G92B	1	1	1	1	1	1	1	1	1	1	1	1	1	1	1	1
G93B	1	1	1	1	1	1	1	1	1	1	1	1	1	1	1	1
U94B	1	1	1	1	1	1	1	1	1	1	1	1	1	1	1	1
