RSA	Degree	Degree_uniqueAtoms	SecondOrderDegree	SecondOrderDegree_uniqueAtoms	NodeEdgeBetweennessSTRIDE	NodeEdgeBetweennessSTRIDE_unqiueAtoms	IntermodularDegreeSTRIDE	IntermodularDegreeSTRIDE_uniqueAtoms	SecondOrderIntermodularDegreeSTRIDE	SecondOrderIntermodularDegreeSTRIDE_uniqueAtoms	NodeEdgeBetweennessWALKTRAP	NodeEdgeBetweennessWALKTRAP_uniqueAtoms	IntermodularDegreeWALKTRAP	IntermodularDegreeWALKTRAP_uniqueAtoms	SecondOrderIntermodularDegreeWALKTRAP	SecondOrderIntermodularDegreeWALKTRAP_uniqueAtoms	Ligand
LYS4A	0.9610274579	6	1	23	1	1784.92097947268	1	6	1	32	1	1	1	1	1	1	1	151
THR22A	0.2524590164	9	1	47	1	4298.52532932247	1	7	1	58	1	2448.3105177623	1	3	1	4	1	151
ASP23A	0.6836798992	5	1	24	1	909.431125495721	1	4	1	19	1	1	1	1	1	1	1	151
PRO28A	0.1702997275	11	1	43	1	3448.80260066244	1	10	1	87	1	933.491277445639	1	2	1	3	1	151
MET751A	0.1450344149	12	1	42	1	3192.71397751399	1	10	1	89	1	1	1	1	1	1	1	151
HIS754A	0.6879012346	5	1	17	1	1165.4697090979	1	5	1	30	1	1	1	1	1	1	1	151
ILE7A	0.0000000000	15	1	69	1	10056.6107377103	1	14	1	141	1	1	1	1	1	1	1	151
TYR5A	0.0342060811	10	1	38	1	2704.11947367342	1	10	1	85	1	1	1	1	1	1	1	151
VAL20A	0.0012158055	17	1	70	1	11812.5181103098	1	16	1	158	1	1	1	1	1	1	1	151
LEU747A	0.0010357328	14	1	59	1	2727.23857636856	1	10	1	123	1	1	1	1	1	1	1	151
VAL748A	0.1045592705	13	1	47	1	6319.16382668093	1	9	1	69	1	1	1	1	1	1	1	151
GLY752A	0.5584562997	7	1	26	1	1744.13827645705	1	7	1	41	1	1	1	1	1	1	1	151
PRO756A	0.0034059946	12	1	54	1	4457.00823902108	1	12	1	116	1	1	1	1	1	1	1	151
GLY8A	0.0000000000	14	1	67	1	9062.52334115386	1	12	1	129	1	1	1	1	1	1	1	151
SER6A	0.0493066256	14	1	58	1	6292.95782915136	1	13	1	123	1	1	1	1	1	1	1	151
ILE21A	0.0066298343	12	1	57	1	3102.23289330169	1	11	1	103	1	1	1	1	1	1	1	151
GLU757A	0.5596133190	7	1	31	1	1612.8292744549	1	7	1	47	1	1	1	1	1	1	1	151
ASN758A	0.0229607251	13	1	55	1	5224.59717690778	1	12	1	105	1	898.438005756379	1	2	1	8	1	151
ILE759A	0.0000000000	13	1	58	1	4367.07703015326	1	12	1	122	1	1	1	1	1	1	1	151
VAL760A	0.0000000000	15	1	67	1	10774.0080224572	1	14	1	138	1	4243.42677517468	1	5	1	26	1	151
ILE956A	0.0000000000	14	1	59	1	8113.75726476979	1	13	1	131	1	1658.42268609695	1	4	1	16	1	151
ALA991A	0.0000000000	19	1	79	1	16600.0556499114	1	13	1	153	1	4478.0432008837	1	4	1	18	1	151
THR995A	0.0196721311	14	1	55	1	2471.38654321713	1	9	1	88	1	307.834927987427	1	2	1	6	1	151
LYS999A	0.1160318866	10	1	42	1	3252.14416331305	1	8	1	62	1	1475.50350231049	1	4	1	8	1	151
LEU9A	0.0000000000	18	1	77	1	20811.720087464	1	16	1	164	1	1	1	1	1	1	1	151
TRP18A	0.0030041307	19	1	77	1	17001.0213270647	1	17	1	195	1	1	1	1	1	1	1	151
ALA19A	0.0000000000	17	1	77	1	12167.3555986182	1	15	1	161	1	1	1	1	1	1	1	151
VAL743A	0.0000000000	15	1	67	1	3306.56134270451	1	9	1	108	1	1	1	1	1	1	1	151
VAL744A	0.0158054711	12	1	54	1	1952.10762656739	1	8	1	74	1	1	1	1	1	1	1	151
MET939A	0.0334316618	15	1	53	1	11178.1667592853	1	12	1	92	1	1	1	1	1	1	1	151
ASP10A	0.0189035917	16	1	69	1	47018.7748978778	1	15	1	151	1	4741.57951334782	1	2	1	7	1	151
GLY17A	0.0000000000	17	1	75	1	18461.9443071226	1	15	1	165	1	1	1	1	1	1	1	151
ILE761A	0.0088397790	15	1	70	1	26292.1157036499	1	13	1	115	1	8290.62905803977	1	3	1	16	1	151
ALA987A	0.0000000000	15	1	74	1	6575.98552631385	1	11	1	141	1	1	1	1	1	1	1	151
ASN990A	0.0145015106	14	1	68	1	8638.75921385328	1	10	1	114	1	4463.03373835845	1	5	1	24	1	151
ILE11A	0.0049723757	14	1	67	1	10798.6912755781	1	13	1	124	1	3854.80179216106	1	3	1	14	1	151
VAL16A	0.0000000000	15	1	70	1	10480.2066126058	1	14	1	146	1	2335.75454862432	1	3	1	15	1	151
THR740A	0.0013114754	13	1	65	1	8110.47388065892	1	8	1	80	1	6622.562820145	1	3	1	14	1	151
LEU935A	0.0176074573	14	1	59	1	4640.70329992949	1	9	1	82	1	1	1	1	1	1	1	151
GLY12A	0.1135073780	14	1	63	1	18339.794023804	1	13	1	139	1	9612.10407499873	1	6	1	23	1	151
SER15A	0.0092449923	14	1	67	1	66205.1984815997	1	13	1	136	1	28935.399373243	1	4	1	17	1	151
GLU762A	0.1213748657	12	1	59	1	41320.841162775	1	12	1	109	1	27434.0566706104	1	6	1	27	1	151
MET763A	0.0545722714	14	1	65	1	41960.7782474941	1	13	1	118	1	22660.5545004466	1	7	1	33	1	151
ALA764A	0.5977984759	11	1	51	1	7009.74300121961	1	11	1	110	1	3716.65899480782	1	3	1	6	1	151
VAL963A	0.0352583587	13	1	60	1	21975.1938997752	1	10	1	91	1	16513.9534757582	1	7	1	22	1	151
HIS982A	0.0691358025	14	1	63	1	90709.2639192099	1	10	1	90	1	47045.3287099588	1	5	1	11	1	151
HIS983A	0.1288888889	14	1	53	1	16912.0219443169	1	12	1	115	1	3198.81143987965	1	2	1	4	1	151
ALA984A	0.0000000000	14	1	62	1	7233.17167458356	1	10	1	124	1	1	1	1	1	1	1	151
ASP986A	0.1020793951	15	1	62	1	35491.0218906382	1	10	1	80	1	18747.1359760725	1	3	1	10	1	151
ILE733A	0.0232044199	15	1	59	1	23976.6154348829	1	12	1	121	1	7812.30845316173	1	5	1	18	1	151
GLY736A	0.0000000000	16	1	67	1	41471.6755984642	1	11	1	116	1	31191.7610313788	1	10	1	36	1	151
ILE737A	0.0077348066	13	1	57	1	7525.57914956339	1	9	1	78	1	5181.69297161202	1	5	1	16	1	151
VAL931A	0.0097264438	12	1	53	1	9996.14713903539	1	8	1	70	1	3156.81105214432	1	3	1	14	1	151
ASN14A	0.5673716012	8	1	41	1	17179.3065917307	1	7	1	53	1	8563.82971081299	1	4	1	10	1	151
PHE53A	0.0219928187	14	1	54	1	14460.7164667687	1	13	1	122	1	4411.48211650055	1	6	1	20	1	151
ALA732A	0.1558001693	12	1	53	1	15270.8066477757	1	9	1	76	1	2223.40443247089	1	2	1	6	1	151
THR13A	0.4216393443	11	1	50	1	38776.7551976891	1	11	1	101	1	16082.6081139403	1	3	1	6	1	151
SER55A	0.7280431433	8	1	39	1	3131.44493541001	1	7	1	53	1	1	1	1	1	1	1	151
GLY283A	0.2270147560	9	1	39	1	26654.826217906	1	9	1	68	1	1	1	1	1	1	1	151
ASP284A	0.0604914934	15	1	53	1	18632.6709249689	1	15	1	138	1	1	1	1	1	1	1	151
SER730A	0.0416024653	10	1	42	1	5209.44541165929	1	10	1	87	1	1	1	1	1	1	1	151
LEU52A	0.0466079751	11	1	54	1	17489.0685274861	1	10	1	91	1	10335.6409736413	1	4	1	11	1	151
ASP54A	0.3913043478	8	1	32	1	9811.47993558745	1	7	1	52	1	4526.460091361	1	4	1	10	1	151
ALA50A	0.0025402202	18	1	74	1	20207.8693184649	1	16	1	171	1	1	1	1	1	1	1	151
LEU51A	0.0062143967	15	1	66	1	49242.6756937386	1	15	1	152	1	8768.89150488825	1	4	1	20	1	151
ASN980A	0.2217522659	12	1	54	1	20220.5220718649	1	10	1	96	1	12037.3079877466	1	5	1	15	1	151
GLN739A	0.0010351967	13	1	54	1	4614.75838045576	1	8	1	76	1	3882.93110613468	1	7	1	26	1	151
ILE1352A	0	11	1	51	1	14789.8387758556	1	10	1	92	1	189.669689994776	1	2	1	6	1	151
GLY49A	0.0000000000	15	1	67	1	12619.6032905889	1	15	1	165	1	1	1	1	1	1	1	151
LEU47A	0.0000000000	16	1	58	1	10501.9261544124	1	16	1	161	1	1872.50853990751	1	2	1	7	1	151
ILE48A	0.0077348066	16	1	69	1	10104.1172079294	1	15	1	150	1	1	1	1	1	1	1	151
ASN1093A	0	16	1	60	1	10212.2072647471	1	15	1	160	1	3836.89832338599	1	4	1	16	1	151
THR1353A	0	15	1	59	1	6919.0981999388	1	14	1	145	1	1	1	1	1	1	1	151
GLY1354A	0	13	1	52	1	18334.6673527658	1	11	1	108	1	9116.18493119906	1	4	1	16	1	151
LEU1355A	0	13	1	48	1	2517.11819666304	1	13	1	127	1	203.440388652115	1	2	1	7	1	151
VAL27A	0.1009118541	12	1	52	1	3560.48619166336	1	12	1	115	1	1	1	1	1	1	1	151
TYR988A	0.0000000000	13	1	64	1	6459.8291240082	1	10	1	90	1	1427.20022330499	1	3	1	12	1	151
VAL1086A	0	13	1	56	1	5595.78695548022	1	10	1	91	1	1663.74887416706	1	3	1	12	1	151
LYS30A	0.3401240035	9	1	37	1	1441.5808549931	1	8	1	76	1	1	1	1	1	1	1	151
VAL750A	0.0705167173	13	1	47	1	5549.73307453786	1	10	1	91	1	1	1	1	1	1	1	151
TYR25A	0.0143581081	15	1	59	1	12022.3342165063	1	13	1	106	1	5864.6752045413	1	7	1	22	1	151
VAL992A	0.0000000000	15	1	63	1	3866.8235640415	1	10	1	86	1	4225.70420865877	1	9	1	31	1	151
GLU24A	0.2975295381	8	1	27	1	2154.44315898907	1	7	1	31	1	1982.12004506851	1	2	1	3	1	151
LYS26A	0.4813994686	7	1	27	1	1381.01927452993	1	6	1	23	1	1399.68175013944	1	3	1	4	1	151
ILE1072A	0	6	1	22	1	1715.40673499738	1	5	1	22	1	1	1	1	1	1	1	151
ASP1075A	0	8	1	22	1	1541.27096575486	1	7	1	30	1	1	1	1	1	1	1	151
ARG1078A	0	6	1	20	1	429.886259929822	1	4	1	18	1	1	1	1	1	1	1	151
ASP1079A	0	12	1	42	1	3891.50866336287	1	7	1	54	1	2170.04091145759	1	3	1	15	1	151
THR1082A	0	11	1	43	1	3052.08826927936	1	7	1	56	1	2754.87727787563	1	5	1	19	1	151
ALA996A	0.0000000000	13	1	59	1	2585.12028848836	1	7	1	74	1	2323.70336288503	1	5	1	22	1	151
VAL1073A	0	12	1	52	1	6251.09892775562	1	12	1	98	1	2669.95669842389	1	3	1	10	1	151
TRP1074A	0	15	1	50	1	5448.67189545839	1	15	1	112	1	984.846748801048	1	3	1	15	1	151
VAL1083A	0	13	1	52	1	3200.05080272111	1	8	1	69	1	3350.96259362442	1	8	1	34	1	151
LYS1085A	0	5	1	18	1	310.035138974278	1	2	1	6	1	375.441085635021	1	2	1	3	1	151
SER29A	0.5963020031	8	1	33	1	5287.65858485986	1	7	1	53	1	2767.76443496544	1	3	1	3	1	151
ASN46A	0.1734138973	11	1	48	1	4507.0065968099	1	11	1	94	1	1	1	1	1	1	1	151
MET1089A	0	9	1	40	1	2786.91774352463	1	7	1	58	1	1	1	1	1	1	1	151
LYS31A	0.6625332152	4	1	12	1	456.99548422527	1	3	1	7	1	1384.38221748272	1	2	1	3	1	151
LYS44A	0.6248892826	4	1	12	1	1385.38221748272	1	3	1	9	1	1384.38221748272	1	2	1	3	1	151
GLN1091A	0	10	1	42	1	4783.8515597168	1	9	1	83	1	1697.16904714752	1	3	1	9	1	151
PHE32A	0.0471274686	10	1	37	1	1910.45011066045	1	9	1	85	1	457.395539624898	1	3	1	9	1	151
SER42A	0.5608628659	6	1	16	1	3174.02036564616	1	5	1	16	1	1	1	1	1	1	1	151
ILE43A	0.2314917127	8	1	32	1	3007.97878291244	1	7	1	45	1	1671.66727544142	1	3	1	5	1	151
LYS45A	0.0079716563	10	1	42	1	9561.7228542856	1	9	1	83	1	5404.13451521307	1	7	1	13	1	151
TYR1356A	0	8	1	28	1	1495.86206432837	1	8	1	57	1	1	1	1	1	1	1	151
LEU35A	0.6628689798	3	1	8	1	1390.55359710298	1	3	1	9	1	1	1	1	1	1	1	151
LYS33A	0.7294065545	3	1	6	1	1179.12255543643	1	3	1	7	1	1	1	1	1	1	1	151
GLY36A	0.1589103292	6	1	22	1	604.487782111367	1	4	1	22	1	204.715299077434	1	2	1	5	1	151
VAL34A	0.0571428571	11	1	31	1	8310.47153684107	1	7	1	42	1	1	1	1	1	1	1	151
THR38A	0.2000000000	9	1	26	1	1568.27135911773	1	5	1	30	1	1231.33092722009	1	4	1	8	1	151
ARG40A	0.4582031250	8	1	29	1	2804.21072651905	1	6	1	35	1	385.691977420735	1	2	1	3	1	151
HIS41A	0.5767901235	4	1	14	1	1	1	1	1	1	1	1	1	1	1	1	1	151
GLU1357A	0	11	1	40	1	13479.1658400767	1	10	1	71	1	9519.26300331786	1	6	1	16	1	151
THR1358A	0	8	1	31	1	4334.31444131053	1	7	1	32	1	2531.18836658154	1	5	1	12	1	151
ARG1359A	0	10	1	30	1	2346.50618708079	1	9	1	48	1	1074.68850255601	1	4	1	8	1	151
ILE1360A	0	9	1	31	1	4171.58067157396	1	8	1	41	1	1124.92461962426	1	5	1	13	1	151
ASN37A	0.6247734139	5	1	22	1	1251.33473846954	1	5	1	28	1	1	1	1	1	1	1	151
THR1346A	0	11	1	37	1	5075.22044226074	1	10	1	56	1	984.449730142912	1	3	1	7	1	151
ASP1361A	0	7	1	24	1	2547.11544193961	1	6	1	31	1	698.469838464765	1	2	1	4	1	151
LEU1362A	0	7	1	21	1	2137.09900555452	1	7	1	36	1	307.345023607991	1	2	1	8	1	151
ASP39A	0.9420289855	2	1	3	1	1	1	1	1	1	1	1	1	1	1	1	1	151
GLU1205A	0	9	1	35	1	3024.86619220939	1	8	1	55	1	570.818274009795	1	3	1	5	1	151
PRO1090A	0	7	1	30	1	2660.2880602585	1	6	1	36	1	1026.69130550198	1	3	1	6	1	151
VAL1092A	0	14	1	54	1	6686.61564773878	1	12	1	119	1	1995.17529036312	1	3	1	11	1	151
HIS985A	0.1086419753	12	1	56	1	9522.4059710926	1	8	1	66	1	3331.73685258298	1	2	1	7	1	151
TYR981A	0.0903716216	13	1	56	1	6912.11880166368	1	11	1	104	1	2816.29833886507	1	4	1	13	1	151
ILE1094A	0	12	1	54	1	6078.17379077879	1	12	1	122	1	2579.94487936029	1	3	1	11	1	151
VAL1095A	0	14	1	63	1	36055.6866803181	1	13	1	122	1	20050.935656785	1	5	1	13	1	151
GLU1225A	0	12	1	52	1	6136.62036757225	1	10	1	99	1	5337.88663518513	1	6	1	21	1	151
LYS742A	0.2967227635	10	1	37	1	52985.1854343267	1	7	1	54	1	30122.4235743677	1	6	1	20	1	151
LYS1097A	0	11	1	49	1	10618.4144239436	1	10	1	88	1	7171.6059461297	1	6	1	20	1	151
LYS1096A	0	9	1	36	1	3359.86184195983	1	9	1	76	1	2072.3799494954	1	4	1	11	1	151
LEU1318A	0	13	1	52	1	23778.2597321934	1	13	1	114	1	11533.606218334	1	5	1	15	1	151
LYS735A	0.0301151461	14	1	48	1	5073.43002635808	1	11	1	83	1	217.472791512477	1	2	1	7	1	151
GLU1099A	0	13	1	51	1	57518.057727455	1	11	1	83	1	29013.2266712255	1	4	1	13	1	151
GLY56A	0.3507377980	7	1	31	1	1109.37659231782	1	5	1	38	1	1	1	1	1	1	1	151
LYS1200A	0	9	1	45	1	37201.1602954862	1	9	1	70	1	21302.5659887296	1	5	1	17	1	151
TYR1201A	0	10	1	40	1	26179.2966223017	1	10	1	75	1	12767.6204275202	1	3	1	7	1	151
ALA61A	0.2387806943	13	1	46	1	38912.8295680984	1	10	1	69	1	1	1	1	1	1	1	151
PRO731A	0.5068119891	12	1	53	1	34889.3702527351	1	10	1	69	1	1	1	1	1	1	1	151
THR58A	0.0367213115	11	1	39	1	7977.26469106782	1	10	1	74	1	1	1	1	1	1	1	151
GLN1101A	0	10	1	34	1	8796.79551604323	1	9	1	53	1	5782.29967546301	1	6	1	17	1	151
GLU57A	0.6868958110	7	1	26	1	14497.7440267992	1	7	1	41	1	3292.02084211556	1	2	1	3	1	151
THR62A	0.4229508197	7	1	29	1	4141.87911812866	1	5	1	30	1	1	1	1	1	1	1	151
LYS65A	0.5159433127	8	1	34	1	17804.9877372518	1	7	1	38	1	1	1	1	1	1	1	151
THR1102A	0	10	1	32	1	30912.0007924782	1	9	1	50	1	14634.5664596417	1	4	1	8	1	151
THR1138A	0	6	1	23	1	6614.96161323702	1	6	1	34	1	3786.95897571267	1	3	1	7	1	151
GLU60A	0.1219119227	11	1	42	1	42827.0995421854	1	9	1	65	1	851.331242116095	1	3	1	12	1	151
VAL1100A	0	10	1	36	1	14298.7307335713	1	8	1	51	1	10572.298741186	1	7	1	15	1	151
ALA59A	0.3471634208	6	1	26	1	4528.33426920245	1	3	1	16	1	1	1	1	1	1	1	151
ARG63A	0.3714843750	7	1	31	1	5462.0757098746	1	4	1	19	1	1	1	1	1	1	1	151
LEU64A	0.0367685137	13	1	57	1	27876.9231801671	1	10	1	79	1	1666.98854514792	1	3	1	11	1	151
HIS721A	0.1190123457	11	1	39	1	126522.645553785	1	8	1	44	1	30913.9926734301	1	3	1	12	1	151
LEU738A	0.0113930606	12	1	51	1	10395.6739030771	1	7	1	43	1	6916.18291710368	1	5	1	16	1	151
ASP718A	0.7044738500	6	1	22	1	10059.803818539	1	6	1	28	1	1	1	1	1	1	1	151
ILE724A	0.0000000000	12	1	54	1	7720.76709199032	1	10	1	73	1	10108.6178267504	1	7	1	27	1	151
ALA725A	0.0000000000	11	1	46	1	48189.2176998807	1	8	1	56	1	12895.7911509661	1	3	1	10	1	151
LYS734A	0.0345438441	16	1	58	1	43517.5438120809	1	13	1	117	1	2407.28840115872	1	4	1	15	1	151
THR67A	0.3462295082	7	1	24	1	8462.16453125159	1	6	1	23	1	1	1	1	1	1	1	151
ASP273A	0.3182104600	6	1	22	1	3389.60572701545	1	3	1	15	1	1	1	1	1	1	1	151
ARG66A	0.1109375000	9	1	43	1	19779.2581733884	1	9	1	58	1	1	1	1	1	1	1	151
ARG71A	0.2960937500	7	1	21	1	6967.09859623498	1	4	1	21	1	1	1	1	1	1	1	151
ASP272A	0.4984247007	9	1	49	1	38108.9532476619	1	6	1	46	1	20844.6784846901	1	4	1	10	1	151
ASP276A	0.0592312539	12	1	44	1	9043.41239753577	1	8	1	77	1	1	1	1	1	1	1	151
ASN726A	0.2422960725	10	1	43	1	53683.3089054528	1	8	1	44	1	6546.45670339803	1	2	1	6	1	151
ALA728A	0.1896697714	15	1	61	1	50848.0719833356	1	15	1	121	1	10202.1611169303	1	5	1	18	1	151
ARG69A	0.7886718750	3	1	8	1	1709.3948229859	1	2	1	6	1	1	1	1	1	1	1	151
ARG70A	0.1402343750	9	1	31	1	99251.5395983806	1	7	1	37	1	1	1	1	1	1	1	151
GLU722A	0.2067669173	9	1	26	1	40055.4341542378	1	6	1	23	1	1	1	1	1	1	1	151
ALA68A	0.5478408129	3	1	8	1	1	1	1	1	1	1	1	1	1	1	1	1	151
TYR72A	0.5815033784	4	1	8	1	1	1	1	1	1	1	1	1	1	1	1	1	151
THR73A	0.3849180328	6	1	19	1	105256.40019584	1	3	1	11	1	1	1	1	1	1	1	151
ARG74A	0.1781250000	8	1	28	1	10393.0808335719	1	5	1	27	1	1	1	1	1	1	1	151
ARG75A	0.3269531250	6	1	21	1	4216.34596128622	1	4	1	15	1	1	1	1	1	1	1	151
LYS76A	0.3675819309	7	1	22	1	55117.122699164	1	3	1	12	1	7706.76996216095	1	2	1	3	1	151
ASN77A	0.4990936556	5	1	14	1	752.942851268168	1	2	1	6	1	1849.67999899811	1	2	1	2	1	151
ASN504A	0.5516616314	6	1	17	1	154031.01170427	1	6	1	12	1	75563.8310314801	1	2	1	3	1	151
ARG78A	0.0738281250	9	1	34	1	9949.74613053755	1	7	1	42	1	6671.71625296506	1	4	1	6	1	151
ARG165A	0.0738281250	10	1	34	1	36261.9354284618	1	10	1	55	1	12702.5407971766	1	2	1	4	1	151
ARG447A	0.5914062500	6	1	28	1	30221.0155922328	1	6	1	34	1	13561.9836378458	1	2	1	6	1	151
LYS163A	0.3122232064	6	1	26	1	7562.79382883242	1	4	1	15	1	10058.7737729885	1	4	1	8	1	151
PHE164A	0.4281867145	4	1	16	1	1631.71960800131	1	3	1	9	1	761.564678226441	1	2	1	3	1	151
ILE79A	0.0939226519	9	1	34	1	8720.02094788867	1	6	1	32	1	11192.7527298129	1	3	1	5	1	151
CYS80A	0.4017796030	7	1	21	1	2851.39013362697	1	3	1	12	1	4353.87182303907	1	3	1	4	1	151
LYS506A	0.4348981399	7	1	28	1	114866.19239112	1	7	1	36	1	64186.011613381	1	5	1	6	1	151
TYR81A	0.6026182432	6	1	18	1	1093.69592083021	1	3	1	12	1	1849.67999899811	1	2	1	2	1	151
ILE162A	0.0011049724	11	1	45	1	28038.2128006292	1	9	1	58	1	17945.3324229565	1	4	1	10	1	151
ILE443A	0.0458563536	10	1	31	1	5559.31647631622	1	8	1	39	1	2943.4692980552	1	2	1	4	1	151
LEU444A	0.0000000000	12	1	48	1	19692.9325671686	1	11	1	74	1	10603.0988119319	1	6	1	20	1	151
PHE446A	0.5897666068	5	1	19	1	2369.13808576849	1	5	1	17	1	1176.60646354875	1	2	1	4	1	151
LEU82A	0.0000000000	11	1	39	1	4290.53496901952	1	8	1	52	1	1	1	1	1	1	1	151
GLN83A	0.1138716356	12	1	41	1	15700.0638213456	1	7	1	46	1	9863.91521322638	1	3	1	7	1	151
TYR155A	0.0152027027	11	1	40	1	3493.10722548873	1	9	1	62	1	1	1	1	1	1	1	151
ALA159A	0.0287891617	12	1	50	1	11012.5415189653	1	6	1	36	1	12041.4800094258	1	4	1	13	1	151
GLU84A	0.6686358754	4	1	12	1	1	1	1	1	1	1	882.839378511714	1	2	1	3	1	151
ILE85A	0.1348066298	9	1	33	1	2224.98924986604	1	7	1	33	1	1	1	1	1	1	1	151
PHE86A	0.0000000000	15	1	47	1	5456.30422424598	1	11	1	71	1	1	1	1	1	1	1	151
PHE98A	0.0794434470	9	1	35	1	4366.85421571734	1	9	1	53	1	1956.48623392092	1	2	1	5	1	151
LEU158A	0.0000000000	13	1	54	1	5643.04183290221	1	9	1	66	1	2803.16142056154	1	3	1	12	1	151
ILE440A	0.0000000000	13	1	44	1	6720.12565119198	1	8	1	53	1	1	1	1	1	1	1	151
SER87A	0.4938366718	6	1	22	1	179.411170320045	1	2	1	9	1	1	1	1	1	1	1	151
MET90A	0.0167158309	12	1	39	1	2689.62203538908	1	8	1	63	1	1	1	1	1	1	1	151
PHE97A	0.0008976661	13	1	44	1	7228.30109882898	1	12	1	87	1	1	1	1	1	1	1	151
LEU101A	0.2418436044	8	1	32	1	3288.10902315879	1	8	1	53	1	1	1	1	1	1	1	151
PHE432A	0.0664272890	10	1	32	1	2759.00126127024	1	7	1	40	1	1	1	1	1	1	1	151
LEU433A	0.0031071983	14	1	43	1	3913.31879832107	1	10	1	73	1	1	1	1	1	1	1	151
ASN436A	0.1891238671	7	1	30	1	464.780557199846	1	3	1	17	1	1	1	1	1	1	1	151
LYS439A	0.5053144376	5	1	16	1	109.205139483982	1	2	1	7	1	1	1	1	1	1	1	151
GLU89A	0.2486573577	9	1	30	1	1083.24154478794	1	5	1	26	1	1	1	1	1	1	1	151
LEU151A	0.0020714656	10	1	43	1	1755.39836312825	1	9	1	62	1	1	1	1	1	1	1	151
ILE154A	0.0000000000	13	1	55	1	7333.75731471041	1	10	1	85	1	2743.35522396569	1	3	1	13	1	151
ALA91A	0.4055884843	6	1	20	1	1870.71481463585	1	2	1	6	1	1870.71481463585	1	2	1	2	1	151
ASN88A	0.5830815710	4	1	12	1	1183.10606128075	1	2	1	7	1	1	1	1	1	1	1	151
LYS92A	0.6829052259	3	1	8	1	1	1	1	1	1	1	1	1	1	1	1	1	151
VAL93A	0.3452887538	9	1	32	1	1321.81444296961	1	6	1	48	1	1	1	1	1	1	1	151
TYR430A	0.1009290541	11	1	40	1	2754.27827160416	1	11	1	74	1	1	1	1	1	1	1	151
PRO431A	0.5653950954	5	1	18	1	432.126137837548	1	2	1	5	1	1	1	1	1	1	1	151
ASP94A	0.0762444865	10	1	43	1	15802.5919996766	1	10	1	88	1	6105.0865730329	1	2	1	6	1	151
ASP150A	0.2999369880	12	1	46	1	11323.227198316	1	11	1	87	1	1	1	1	1	1	1	151
ARG152A	0.1191406250	10	1	39	1	2191.36207259641	1	9	1	71	1	1	1	1	1	1	1	151
ASP95A	0.4656584751	6	1	19	1	5934.56057278711	1	6	1	29	1	1870.71481463585	1	2	1	2	1	151
SER96A	0.0493066256	13	1	42	1	25640.6902175932	1	11	1	86	1	14893.6770296576	1	6	1	9	1	151
ARG100A	0.0789062500	13	1	41	1	17070.1246155359	1	11	1	86	1	7845.05373868745	1	3	1	9	1	151
PHE119A	0.0296229803	14	1	45	1	21968.9333131383	1	13	1	89	1	1	1	1	1	1	1	151
GLY120A	0.0022701476	13	1	39	1	11288.8194142006	1	12	1	88	1	4899.98370297749	1	3	1	9	1	151
GLU627A	0.3845327605	9	1	34	1	7879.46522165296	1	9	1	68	1	1354.65031464259	1	2	1	6	1	151
HIS99A	0.2153086420	10	1	35	1	54078.4957709662	1	9	1	62	1	27919.8213053805	1	2	1	5	1	151
THR657A	0.7593442623	6	1	30	1	4330.67263046208	1	5	1	36	1	1341.68362717482	1	2	1	3	1	151
GLY658A	0.1112372304	9	1	34	1	5992.71154492338	1	7	1	54	1	1	1	1	1	1	1	151
TRP659A	0.1366879459	10	1	35	1	56384.8570888888	1	10	1	71	1	27919.8213053805	1	2	1	5	1	151
PRO509A	0.0286103542	16	1	48	1	46524.4609535362	1	15	1	116	1	1	1	1	1	1	1	151
THR624A	0.0203278689	13	1	46	1	31288.6723606299	1	10	1	85	1	1	1	1	1	1	1	151
LEU625A	0.1066804764	10	1	43	1	18319.815790631	1	8	1	68	1	8731.15653829459	1	4	1	7	1	151
PHE626A	0.0403949731	10	1	40	1	7678.10254642153	1	9	1	63	1	3173.66342700406	1	3	1	9	1	151
ILE118A	0.1408839779	8	1	35	1	8384.76361704465	1	8	1	53	1	1	1	1	1	1	1	151
LEU156A	0.0999482134	11	1	40	1	11716.8774941901	1	8	1	59	1	4912.09370415953	1	2	1	4	1	151
VAL507A	0.2462006079	8	1	32	1	9795.43188368285	1	7	1	49	1	3185.71153086872	1	3	1	8	1	151
LEU621A	0.2863801139	10	1	38	1	10527.5769822721	1	6	1	55	1	1	1	1	1	1	1	151
PRO117A	0.1171662125	8	1	29	1	3360.98247733972	1	7	1	45	1	1	1	1	1	1	1	151
MET631A	0.0447394297	12	1	32	1	6400.37643260351	1	10	1	70	1	3526.2713745299	1	2	1	2	1	151
GLU102A	1.0644468314	2	1	2	1	1140	1	2	1	3	1	1	1	1	1	1	1	151
HIS116A	0.6128395062	3	1	7	1	3416	1	3	1	7	1	1	1	1	1	1	1	151
ARG115A	1.0421875000	3	1	13	1	1140	1	3	1	11	1	1	1	1	1	1	1	151
GLU125A	0.1095596133	12	1	36	1	10943.3469312086	1	8	1	54	1	1	1	1	1	1	1	151
HIS129A	0.3274074074	7	1	24	1	1484.28728267945	1	4	1	22	1	1	1	1	1	1	1	151
ARG635A	0.2625000000	8	1	31	1	6121.2666988565	1	6	1	29	1	2833.08540783395	1	3	1	7	1	151
ILE122A	0.3066298343	8	1	28	1	5451.1069884881	1	6	1	37	1	1	1	1	1	1	1	151
TYR128A	0.0954391892	10	1	36	1	23504.9925792892	1	8	1	56	1	12033.1438212501	1	2	1	4	1	151
ASN121A	0.1794561934	8	1	31	1	2001.13446636078	1	7	1	41	1	1	1	1	1	1	1	151
ASP124A	0.4032766226	8	1	32	1	3728.18093136551	1	7	1	56	1	1	1	1	1	1	1	151
ALA127A	0.4216765453	8	1	26	1	1457.96367716068	1	2	1	13	1	1	1	1	1	1	1	151
LEU153A	0.0983946142	12	1	42	1	10420.1508170568	1	10	1	72	1	3258.33406894714	1	2	1	6	1	151
ASP628A	0.2444864524	10	1	31	1	7456.21118303215	1	9	1	48	1	1	1	1	1	1	1	151
VAL123A	0.6778115502	5	1	17	1	1886.60112180107	1	3	1	15	1	1	1	1	1	1	1	151
VAL126A	0.5386018237	5	1	13	1	1	1	1	1	1	1	1	1	1	1	1	1	151
GLU630A	0.6396348013	4	1	18	1	3536.37092050209	1	3	1	14	1	2526.16464635821	1	2	1	2	1	151
GLU130A	0.8872180451	4	1	11	1	8526.5988106893	1	2	1	5	1	8526.5988106893	1	2	1	2	1	151
LYS131A	0.5801594331	6	1	22	1	1052.42250213738	1	4	1	24	1	1	1	1	1	1	1	151
TYR132A	0.0570101351	7	1	29	1	20505.2323941863	1	7	1	48	1	10094.2866377654	1	2	1	3	1	151
ILE135A	0.2060773481	9	1	42	1	31105.3576993119	1	7	1	45	1	17408.9501134013	1	4	1	6	1	151
LEU138A	0.0000000000	12	1	39	1	3087.60006633929	1	9	1	59	1	1966.98711780998	1	4	1	16	1	151
PRO133A	0.3957765668	5	1	17	1	17799.818612466	1	5	1	20	1	8526.5988106893	1	2	1	2	1	151
LYS141A	0.2426926484	8	1	24	1	1527.11098642616	1	7	1	35	1	1	1	1	1	1	1	151
HIS137A	0.1580246914	10	1	34	1	22470.1354071942	1	9	1	45	1	11529.8932878769	1	3	1	4	1	151
LEU142A	0.0082858622	11	1	41	1	4528.35903818904	1	10	1	72	1	583.047018767974	1	3	1	13	1	151
ILE322A	0.1309392265	12	1	36	1	6131.48857299718	1	7	1	43	1	1170.98847471138	1	2	1	3	1	151
TYR325A	0.2533783784	8	1	27	1	10532.0291774825	1	5	1	27	1	9869.17367657888	1	3	1	4	1	151
THR134A	0.1298360656	7	1	24	1	1892.40942629046	1	7	1	42	1	1	1	1	1	1	1	151
TYR136A	0.1043074324	13	1	45	1	21542.8817865992	1	12	1	79	1	1	1	1	1	1	1	151
MET321A	0.0019665683	8	1	33	1	3140.20781409266	1	5	1	35	1	1	1	1	1	1	1	151
GLN402A	0.1335403727	10	1	37	1	25319.1827159861	1	9	1	52	1	13627.7952001859	1	3	1	7	1	151
ARG139A	0.0000000000	13	1	48	1	9959.78627405139	1	10	1	79	1	1	1	1	1	1	1	151
ALA157A	0.0000000000	12	1	49	1	5407.02671310687	1	7	1	52	1	6439.51724170042	1	6	1	12	1	151
HIS160A	0.1501234568	8	1	35	1	12626.1982778647	1	6	1	38	1	4843.10543133889	1	3	1	5	1	151
MET161A	0.0000000000	14	1	58	1	25964.8037319446	1	11	1	83	1	14122.0660666623	1	5	1	17	1	151
SER318A	0.0000000000	14	1	45	1	12236.4138142277	1	10	1	79	1	1	1	1	1	1	1	151
LEU317A	0.0176074573	13	1	45	1	7745.61054972294	1	10	1	82	1	1	1	1	1	1	1	151
SER320A	0.2727272727	11	1	43	1	10834.9078592837	1	5	1	29	1	2192.75529624356	1	2	1	3	1	151
PHE405A	0.2405745063	10	1	41	1	30429.9202590294	1	10	1	67	1	1	1	1	1	1	1	151
HIS415A	0.0375308642	13	1	55	1	50488.3869534424	1	10	1	83	1	3764.12853561745	1	4	1	13	1	151
GLU418A	0.0225563910	14	1	49	1	6519.65803250471	1	10	1	81	1	1	1	1	1	1	1	151
LYS140A	0.2387068202	9	1	29	1	1036.96845075452	1	6	1	36	1	1	1	1	1	1	1	151
ASP326A	0.5160680529	6	1	17	1	1436.60665011156	1	2	1	9	1	2606.59512482294	1	3	1	4	1	151
ALA149A	0.0347163421	13	1	39	1	4446.26613937706	1	11	1	84	1	2214.36991625791	1	2	1	8	1	151
ILE422A	0.0000000000	15	1	55	1	9630.86166700522	1	11	1	90	1	9113.8757223992	1	8	1	18	1	151
VAL143A	0.0437689970	12	1	41	1	3325.56257330904	1	10	1	67	1	1	1	1	1	1	1	151
ALA315A	0.0016934801	12	1	41	1	3675.03408456619	1	12	1	78	1	1	1	1	1	1	1	151
ASP144A	0.3591682420	7	1	23	1	1540.43985081629	1	6	1	28	1	1	1	1	1	1	1	151
LYS314A	0.7099202834	6	1	23	1	1325.36913915109	1	6	1	30	1	1	1	1	1	1	1	151
ALA319A	0.2040643522	9	1	33	1	1225.27253593517	1	5	1	27	1	733.291345124993	1	2	1	3	1	151
SER145A	0.1949152542	7	1	24	1	1121.68579314625	1	5	1	29	1	276.513628778176	1	2	1	3	1	151
ASP147A	0.6981726528	5	1	18	1	230.763350027301	1	3	1	12	1	1	1	1	1	1	1	151
GLN426A	0.0082815735	11	1	39	1	3781.51558617967	1	10	1	62	1	2571.31379973984	1	2	1	8	1	151
GLY417A	0.4744608400	11	1	44	1	3228.9565901182	1	6	1	40	1	1135.05255893818	1	3	1	9	1	151
ALA421A	0.2658763760	10	1	36	1	611.333834898952	1	4	1	26	1	1743.61204031164	1	4	1	9	1	151
ARG425A	0.3859375000	7	1	27	1	2193.6095464598	1	5	1	21	1	1207.81931594933	1	3	1	3	1	151
THR146A	0.6229508197	3	1	10	1	1161.69350176875	1	3	1	10	1	932.305687171159	1	2	1	3	1	151
PHE429A	0.3707360862	6	1	18	1	1604.06871405038	1	6	1	27	1	1	1	1	1	1	1	151
LYS148A	0.5584588131	5	1	25	1	1299.79026597069	1	4	1	25	1	1	1	1	1	1	1	151
LEU423A	0.0000000000	11	1	41	1	2969.05032578223	1	8	1	47	1	518.933889755521	1	2	1	4	1	151
LEU419A	0.0000000000	12	1	52	1	5549.08918708967	1	7	1	48	1	6257.15386379005	1	7	1	27	1	151
GLY166A	0.2939841090	9	1	38	1	4220.1011765635	1	8	1	62	1	2683.66894606685	1	5	1	8	1	151
PHE168A	0.2033213645	8	1	29	1	7787.03488441105	1	8	1	51	1	1019.45717468978	1	2	1	3	1	151
HIS412A	0.0740740741	10	1	43	1	19781.0213641717	1	8	1	61	1	13141.3255430918	1	4	1	6	1	151
THR445A	0.3665573770	7	1	25	1	3710.33407346369	1	5	1	28	1	2556.77001369343	1	3	1	5	1	151
SER409A	0.4406779661	9	1	40	1	30571.0411242862	1	8	1	60	1	9735.05613348909	1	3	1	8	1	151
ILE410A	0.1138121547	11	1	46	1	13778.6381682918	1	11	1	84	1	531.177045786962	1	2	1	5	1	151
PRO411A	0.0463215259	13	1	49	1	55761.7463900565	1	12	1	98	1	570.642908878716	1	2	1	5	1	151
HIS167A	0.1012345679	12	1	46	1	14600.116780302	1	12	1	100	1	3586.93867911159	1	2	1	4	1	151
LEU169A	0.3417918177	10	1	46	1	67987.8582096931	1	10	1	81	1	32095.6588855397	1	3	1	9	1	151
ILE170A	0.1325966851	13	1	44	1	24198.1586606732	1	13	1	93	1	7475.66598452355	1	2	1	4	1	151
LYS294A	0.0965456156	13	1	52	1	29367.3007338925	1	10	1	85	1	7656.74931152827	1	2	1	4	1	151
ASN295A	0.2930513595	12	1	53	1	25530.7912223806	1	7	1	53	1	8359.26043003322	1	2	1	5	1	151
ASP298A	0.0497794581	14	1	52	1	11477.7742975579	1	10	1	93	1	1	1	1	1	1	1	151
GLY408A	0.1577752554	12	1	53	1	15383.6387647262	1	12	1	107	1	1	1	1	1	1	1	151
GLN413A	0.0776397516	10	1	35	1	5922.23824881685	1	9	1	65	1	3635.62408244808	1	3	1	7	1	151
LEU291A	0.1496633868	11	1	56	1	18348.8877055025	1	6	1	52	1	20060.6692301022	1	6	1	23	1	151
GLN926A	0.2417184265	12	1	53	1	52796.5660672946	1	9	1	64	1	36896.184576156	1	5	1	13	1	151
GLY172A	0.4540295119	6	1	22	1	1024.55872343152	1	4	1	29	1	1	1	1	1	1	1	151
LEU174A	0.2988089073	11	1	37	1	3540.61422515752	1	10	1	69	1	1	1	1	1	1	1	151
ASN175A	0.4404833837	7	1	25	1	1619.13003872267	1	5	1	34	1	1	1	1	1	1	1	151
ASN178A	0.2030211480	10	1	32	1	3477.59993547592	1	9	1	58	1	1	1	1	1	1	1	151
LEU184A	0.1367167271	14	1	55	1	19020.2247199414	1	11	1	76	1	1	1	1	1	1	1	151
LEU302A	0.0258933195	11	1	40	1	2324.18350038532	1	7	1	58	1	1	1	1	1	1	1	151
GLU171A	0.8480128894	4	1	20	1	1915.82568468682	1	4	1	18	1	718.283439229287	1	2	1	2	1	151
LYS929A	0.4016829052	9	1	38	1	10693.2611024321	1	7	1	42	1	8297.93207749818	1	4	1	14	1	151
GLN933A	0.3809523810	7	1	28	1	5973.44968426629	1	4	1	16	1	718.283439229287	1	2	1	2	1	151
ASP173A	0.9161940769	5	1	25	1	1789.96802793561	1	4	1	18	1	187.522698705479	1	2	1	6	1	151
LEU416A	0.1393060590	9	1	33	1	1517.8379985357	1	5	1	22	1	6767.80272001877	1	6	1	15	1	151
PRO176A	0.7104904632	5	1	21	1	883.259883316728	1	3	1	18	1	1	1	1	1	1	1	151
SER179A	0.1741140216	12	1	37	1	5765.19801999666	1	10	1	54	1	1	1	1	1	1	1	151
LEU306A	0.4562402900	7	1	34	1	3625.56630893026	1	5	1	33	1	1	1	1	1	1	1	151
ILE414A	0.1088397790	11	1	45	1	9538.2521095656	1	9	1	61	1	1	1	1	1	1	1	151
ASP177A	0.4870825457	6	1	27	1	1743.9571623737	1	5	1	25	1	1	1	1	1	1	1	151
ASP180A	0.2678008822	9	1	35	1	4014.78110947026	1	9	1	41	1	1	1	1	1	1	1	151
LYS183A	0.4313551816	5	1	18	1	602.427936590642	1	3	1	13	1	1	1	1	1	1	1	151
ALA299A	0.0042337003	12	1	54	1	1849.06230348143	1	6	1	45	1	1	1	1	1	1	1	151
VAL181A	0.0145896657	12	1	50	1	2810.62596652191	1	10	1	65	1	1	1	1	1	1	1	151
SER303A	0.2311248074	12	1	43	1	2922.59751848383	1	6	1	37	1	1	1	1	1	1	1	151
ARG307A	1.0027343750	3	1	18	1	663.431034062163	1	2	1	10	1	1	1	1	1	1	1	151
ASP182A	0.3018273472	10	1	33	1	3221.21447052466	1	8	1	44	1	1	1	1	1	1	1	151
LYS209A	0.5022143490	7	1	30	1	3337.48155526127	1	6	1	36	1	1	1	1	1	1	1	151
PHE185A	0.0098743268	14	1	48	1	2351.84486867908	1	10	1	90	1	1	1	1	1	1	1	151
ALA208A	0.0000000000	13	1	44	1	4879.29507238162	1	9	1	65	1	1	1	1	1	1	1	151
LEU212A	0.0000000000	13	1	50	1	4353.18597490358	1	11	1	90	1	1	1	1	1	1	1	151
SER213A	0.3605546995	9	1	38	1	5084.98171955617	1	6	1	36	1	1	1	1	1	1	1	151
LEU296A	0.0000000000	14	1	60	1	7008.00664391561	1	10	1	84	1	1	1	1	1	1	1	151
ILE300A	0.0889502762	13	1	54	1	4262.79515512483	1	9	1	83	1	1	1	1	1	1	1	151
ILE186A	0.3955801105	7	1	28	1	1100.14115371005	1	3	1	18	1	1	1	1	1	1	1	151
GLY205A	0.8399545970	5	1	20	1	4414.61109122029	1	5	1	29	1	1	1	1	1	1	1	151
VAL206A	0.0656534954	10	1	38	1	2317.01746611814	1	10	1	75	1	1	1	1	1	1	1	151
ASP207A	0.5482041588	7	1	25	1	2816.74785438068	1	7	1	33	1	1	1	1	1	1	1	151
ALA210A	0.4140558848	7	1	28	1	593.718433389104	1	4	1	19	1	1	1	1	1	1	1	151
GLN187A	0.5372670807	7	1	30	1	6292.77794280029	1	3	1	12	1	1	1	1	1	1	1	151
LEU188A	0.0000000000	13	1	59	1	6309.01602591071	1	9	1	68	1	1	1	1	1	1	1	151
ALA292A	0.0711261643	10	1	54	1	4722.32392855089	1	6	1	33	1	7188.97007113989	1	2	1	5	1	151
VAL189A	0.0316109422	10	1	42	1	1835.16830963524	1	5	1	42	1	1	1	1	1	1	1	151
ALA203A	0.2667231160	10	1	36	1	5536.15381682522	1	10	1	64	1	1	1	1	1	1	1	151
LEU225A	0.0000000000	14	1	53	1	8379.21936121692	1	11	1	100	1	1	1	1	1	1	1	151
LEU229A	0.0279647851	15	1	45	1	5862.23684984335	1	14	1	101	1	1	1	1	1	1	1	151
PHE238A	0.0026929982	15	1	57	1	22587.8047297884	1	13	1	96	1	1	1	1	1	1	1	151
ILE242A	0.0000000000	14	1	60	1	4124.60461889376	1	10	1	81	1	1	1	1	1	1	1	151
GLN190A	0.3969979296	6	1	23	1	10265.3602871244	1	2	1	7	1	1	1	1	1	1	1	151
THR191A	0.2137704918	11	1	45	1	15409.7014709791	1	5	1	31	1	13547.9761258883	1	3	1	9	1	151
TYR192A	0.0717905405	12	1	50	1	29746.8416924906	1	9	1	66	1	1	1	1	1	1	1	151
LEU241A	0.0000000000	15	1	63	1	12447.5913089816	1	9	1	73	1	370.057021812295	1	2	1	11	1	151
SER245A	0.0092449923	13	1	57	1	5935.95629298522	1	10	1	90	1	1	1	1	1	1	1	151
LEU289A	0.0000000000	13	1	59	1	18780.4029410484	1	10	1	70	1	12851.3353052867	1	3	1	10	1	151
ALA293A	0.0000000000	13	1	63	1	2924.84801267768	1	7	1	59	1	1	1	1	1	1	1	151
ASN193A	0.1583081571	11	1	45	1	24805.1856179397	1	8	1	55	1	1	1	1	1	1	1	151
ILE201A	0.0867403315	8	1	33	1	1446.36229274603	1	8	1	61	1	1	1	1	1	1	1	151
GLN194A	0.5771221532	4	1	18	1	1313.80252243132	1	2	1	8	1	1313.80252243132	1	2	1	5	1	151
ARG895A	0.5167968750	9	1	37	1	26580.0195267981	1	7	1	37	1	17072.5375096302	1	3	1	6	1	151
LEU195A	0.2294148110	8	1	38	1	30095.0825845078	1	6	1	37	1	15264.7667611675	1	4	1	11	1	151
ASP288A	0.1745431632	12	1	52	1	53243.5905069538	1	10	1	74	1	29880.006590471	1	5	1	12	1	151
THR924A	0.4655737705	9	1	40	1	44536.3445497243	1	8	1	44	1	30333.111485428	1	5	1	8	1	151
PHE196A	0.1413824057	8	1	40	1	28178.7736674454	1	7	1	46	1	18098.3658195774	1	3	1	9	1	151
PRO200A	0.1975476839	10	1	44	1	37818.2854917425	1	9	1	61	1	12451.0041245736	1	3	1	11	1	151
GLU232A	0.2969924812	9	1	36	1	2999.77071045292	1	8	1	61	1	1	1	1	1	1	1	151
LEU237A	0.0937338167	12	1	49	1	6056.58156192078	1	9	1	74	1	1819.24924879365	1	4	1	18	1	151
ASN202A	0.5347432024	7	1	27	1	12949.6871670634	1	7	1	36	1	1	1	1	1	1	1	151
GLU197A	0.6498388829	5	1	23	1	28233.637100241	1	5	1	23	1	9549.50169485815	1	3	1	5	1	151
GLN285A	0.5538302277	5	1	24	1	2938.42237757681	1	5	1	29	1	671.08979786493	1	2	1	4	1	151
TYR286A	0.1608952703	11	1	45	1	24373.5883150027	1	11	1	82	1	12344.2252023267	1	6	1	18	1	151
ASN199A	0.3015105740	6	1	27	1	6092.172808722	1	5	1	21	1	6092.172808722	1	5	1	15	1	151
GLU779A	0.2883995704	8	1	32	1	9767.84550562774	1	4	1	19	1	9767.84550562774	1	4	1	11	1	151
ASN776A	0.3413897281	8	1	25	1	7023.48938678079	1	5	1	22	1	4591.61485961627	1	3	1	7	1	151
SER851A	0.2796610169	7	1	32	1	13696.9306538789	1	6	1	36	1	6417.56656571639	1	3	1	6	1	151
ASP853A	0.2734719597	9	1	38	1	18381.1750811961	1	9	1	60	1	9024.45842320062	1	4	1	10	1	151
GLU198A	0.1009667025	10	1	39	1	4553.46138806577	1	9	1	61	1	1615.93424006951	1	5	1	17	1	151
ARG780A	0.1410156250	11	1	34	1	7446.13313031901	1	9	1	60	1	1121.0210538467	1	5	1	27	1	151
ARG783A	0.0542968750	13	1	47	1	24318.418647647	1	11	1	87	1	16851.0615329253	1	8	1	37	1	151
TYR812A	0.0000000000	10	1	40	1	5521.54962113256	1	8	1	58	1	9581.73243214127	1	7	1	21	1	151
LEU816A	0.0103573278	13	1	54	1	6297.59027225125	1	11	1	95	1	6020.20540375265	1	10	1	28	1	151
ILE852A	0.0613259669	11	1	46	1	7747.40718917292	1	11	1	87	1	6281.62275596304	1	8	1	30	1	151
LYS782A	0.2652790080	7	1	25	1	1931.24513745237	1	2	1	5	1	1931.24513745237	1	2	1	5	1	151
LYS890A	0.4512843224	7	1	33	1	7203.4695213012	1	7	1	43	1	4072.21825016699	1	4	1	11	1	151
THR893A	0.1390163934	10	1	41	1	12016.7255144059	1	10	1	62	1	5144.31227829959	1	5	1	20	1	151
SER204A	0.6933744222	6	1	27	1	6207.01766842149	1	6	1	37	1	1	1	1	1	1	1	151
GLN894A	0.4554865424	5	1	18	1	2900.30184201695	1	3	1	12	1	1757.26448065238	1	3	1	5	1	151
GLN228A	0.5010351967	8	1	29	1	2800.82749947901	1	6	1	32	1	1	1	1	1	1	1	151
PRO230A	0.8412806540	4	1	16	1	1164.72019808856	1	4	1	18	1	1	1	1	1	1	1	151
ILE211A	0.1508287293	10	1	36	1	2923.58018128722	1	9	1	51	1	1	1	1	1	1	1	151
ALA214A	0.3014394581	7	1	29	1	1751.72897502043	1	6	1	35	1	1	1	1	1	1	1	151
ARG221A	0.1207031250	12	1	49	1	7823.88953217483	1	11	1	88	1	1	1	1	1	1	1	151
ASN224A	0.5178247734	7	1	21	1	1980.80700929689	1	4	1	19	1	1	1	1	1	1	1	151
ALA227A	0.6189669771	5	1	27	1	921.441000549543	1	3	1	22	1	1	1	1	1	1	1	151
LEU246A	0.0119109270	14	1	58	1	14598.2033382302	1	12	1	99	1	1	1	1	1	1	1	151
ASP304A	0.6950220542	6	1	31	1	12055.3126104197	1	4	1	13	1	1	1	1	1	1	1	151
LEU216A	0.3500776800	7	1	27	1	5914.83267975065	1	6	1	25	1	1	1	1	1	1	1	151
ARG215A	0.7156250000	4	1	16	1	2260.6928112686	1	4	1	14	1	296.485394694011	1	2	1	4	1	151
ARG395A	0.3359375000	7	1	22	1	3567.52732009892	1	4	1	16	1	2735.01575044266	1	5	1	8	1	151
ASP397A	0.3043478261	9	1	33	1	11274.6913021767	1	8	1	26	1	5814.90121309484	1	4	1	9	1	151
ARG220A	0.4628906250	6	1	20	1	1279.87647603424	1	4	1	18	1	1	1	1	1	1	1	151
ASN394A	0.3601208459	8	1	28	1	5088.67987057615	1	6	1	30	1	5242.62671232071	1	5	1	11	1	151
SER217A	0.0986132512	8	1	33	1	4811.03007661126	1	8	1	48	1	387.760694404295	1	2	1	7	1	151
SER219A	0.3690292758	9	1	36	1	8289.99936173249	1	7	1	54	1	3659.74048314273	1	2	1	7	1	151
GLU223A	0.5134264232	6	1	21	1	790.480324085875	1	3	1	14	1	1	1	1	1	1	1	151
LEU248A	0.1802175039	12	1	47	1	18095.1721691198	1	11	1	91	1	8612.34667263422	1	2	1	7	1	151
GLU396A	0.2599355532	12	1	46	1	39747.5065828375	1	12	1	75	1	21867.1653953111	1	7	1	13	1	151
LYS218A	0.1213463242	9	1	43	1	36207.1233478427	1	8	1	80	1	17884.3293375119	1	3	1	8	1	151
GLY247A	0.0136208854	17	1	56	1	14691.4757009543	1	17	1	149	1	1	1	1	1	1	1	151
GLN369A	0.2355072464	9	1	40	1	20210.1300479693	1	7	1	42	1	16161.7631445388	1	2	1	3	1	151
ASP406A	0.2388153749	15	1	55	1	24673.7917386122	1	13	1	111	1	16976.472163199	1	4	1	13	1	151
ASN407A	0.0000000000	14	1	50	1	31806.9647584871	1	14	1	123	1	1	1	1	1	1	1	151
LEU222A	0.0631796996	12	1	49	1	2434.43445235768	1	9	1	74	1	1	1	1	1	1	1	151
LYS234A	0.4455270151	7	1	28	1	1618.5555732034	1	7	1	42	1	1	1	1	1	1	1	151
ALA243A	0.0355630821	14	1	56	1	12603.454907375	1	9	1	80	1	4038.23172713992	1	2	1	11	1	151
ILE226A	0.0983425414	10	1	42	1	3388.62728107829	1	8	1	64	1	1	1	1	1	1	1	151
GLY239A	0.0056753689	15	1	56	1	2865.43576693239	1	11	1	80	1	1	1	1	1	1	1	151
ASN240A	0.0592145015	12	1	48	1	3875.57812157763	1	9	1	63	1	745.133593575599	1	3	1	14	1	151
PRO250A	0.0599455041	14	1	57	1	8533.65823579653	1	12	1	105	1	2727.55102515055	1	3	1	13	1	151
GLY236A	0.1736662883	9	1	32	1	2518.80678434398	1	7	1	51	1	1	1	1	1	1	1	151
GLY231A	0.9421112372	3	1	16	1	70.5423622276877	1	2	1	2	1	1	1	1	1	1	1	151
LYS233A	0.7488928255	4	1	9	1	70.5423622276877	1	2	1	2	1	1	1	1	1	1	1	151
ASN235A	0.6966767372	6	1	22	1	1454.62417056062	1	5	1	32	1	1	1	1	1	1	1	151
SER254A	0.6070878274	7	1	28	1	5903.51267332689	1	7	1	41	1	4593.51184209634	1	4	1	16	1	151
ASN255A	0.2561933535	8	1	35	1	1999.44259842885	1	8	1	57	1	847.502166302369	1	3	1	14	1	151
PHE252A	0.0000000000	15	1	53	1	16856.3282543282	1	14	1	112	1	11237.0194638947	1	11	1	27	1	151
PHE256A	0.1611310592	9	1	35	1	1805.00804491908	1	9	1	72	1	612.39526742051	1	3	1	11	1	151
PHE290A	0.0008976661	15	1	57	1	10405.9080775962	1	13	1	109	1	6197.99065767591	1	8	1	28	1	151
LEU244A	0.0000000000	16	1	60	1	18900.532880434	1	14	1	130	1	546.583931648958	1	2	1	11	1	151
ASN251A	0.2858006042	8	1	28	1	2889.86817499407	1	8	1	41	1	880.355938527652	1	4	1	8	1	151
THR249A	0.4721311475	10	1	40	1	6034.33972181257	1	10	1	80	1	1198.50876852326	1	3	1	5	1	151
LEU264A	0.0124287934	12	1	52	1	9808.14623615881	1	11	1	95	1	4584.63814741336	1	5	1	17	1	151
GLN265A	0.2587991718	10	1	39	1	4274.68456658858	1	8	1	85	1	2104.71779928869	1	2	1	3	1	151
LEU266A	0.0704298291	12	1	50	1	4139.44460200527	1	12	1	111	1	1	1	1	1	1	1	151
TYR271A	0.0548986486	9	1	44	1	4667.05753178571	1	7	1	69	1	1010.21536079389	1	2	1	3	1	151
LEU275A	0.0145002589	12	1	52	1	16629.9902567536	1	8	1	75	1	14091.3983658053	1	7	1	19	1	151
SER297A	0.0123266564	14	1	60	1	9461.47795118728	1	9	1	97	1	1	1	1	1	1	1	151
SER267A	0.4191063174	8	1	35	1	7537.57157124189	1	7	1	65	1	3516.2651920562	1	2	1	5	1	151
LEU301A	0.2511651994	12	1	57	1	4915.88382583377	1	6	1	59	1	1	1	1	1	1	1	151
LYS263A	0.5358724535	5	1	21	1	1797.48287102392	1	4	1	28	1	1537.76867280336	1	3	1	5	1	151
LYS268A	0.4384410983	5	1	21	1	3441.41138820449	1	4	1	15	1	2611.81230265438	1	3	1	4	1	151
LYS253A	0.3489813995	7	1	17	1	2249.7525133876	1	7	1	27	1	1	1	1	1	1	1	151
ASP261A	0.5293005671	4	1	13	1	818.100023372706	1	3	1	14	1	1	1	1	1	1	1	151
ALA262A	0.1049957663	12	1	38	1	6913.95374914941	1	9	1	58	1	525.008114540809	1	2	1	5	1	151
LEU278A	0.0217503884	13	1	47	1	17622.9952562346	1	9	1	75	1	4069.97716624801	1	4	1	18	1	151
ILE282A	0.1132596685	11	1	43	1	4662.38535338641	1	8	1	61	1	211.745743757349	1	2	1	8	1	151
LEU258A	0.1289487312	7	1	23	1	1734.56926871015	1	6	1	34	1	1	1	1	1	1	1	151
ALA259A	0.8340389500	3	1	8	1	1167.17550268733	1	3	1	11	1	1	1	1	1	1	1	151
GLU260A	0.8313641246	4	1	15	1	323.922600482518	1	3	1	11	1	1	1	1	1	1	1	151
ASP257A	0.9565217391	3	1	10	1	3945.99765531895	1	3	1	9	1	3945.99765531895	1	3	1	5	1	151
LYS775A	0.4729849424	6	1	18	1	2524.5772411445	1	3	1	9	1	1646.03477455776	1	2	1	3	1	151
GLN281A	0.6014492754	7	1	19	1	1597.04114732417	1	5	1	18	1	1	1	1	1	1	1	151
ASP274A	0.2463768116	9	1	32	1	5012.45089055812	1	5	1	23	1	1825.48905938747	1	3	1	6	1	151
THR404A	0.3259016393	8	1	37	1	4371.87304665329	1	4	1	18	1	12110.4524371749	1	5	1	10	1	151
THR270A	0.2839344262	4	1	14	1	1890.80936796043	1	2	1	4	1	1	1	1	1	1	1	151
ASP269A	0.8783868935	2	1	8	1	1140	1	2	1	5	1	1	1	1	1	1	1	151
ASN277A	0.5812688822	6	1	28	1	2920.30393712348	1	2	1	10	1	1	1	1	1	1	1	151
LEU279A	0.0025893320	14	1	50	1	15349.8102271697	1	11	1	112	1	3421.42302435547	1	3	1	14	1	151
ALA287A	0.0000000000	14	1	58	1	19882.9109829971	1	11	1	104	1	17319.6453953201	1	5	1	21	1	151
GLY729A	0.0113507378	12	1	49	1	14313.1344885177	1	11	1	100	1	5473.52045659815	1	3	1	11	1	151
ALA280A	0.4801016088	11	1	43	1	6963.27187158856	1	7	1	59	1	1	1	1	1	1	1	151
ILE927A	0.0209944751	16	1	59	1	51077.1795443853	1	14	1	133	1	34204.652259614	1	7	1	26	1	151
ARG925A	0.2105468750	10	1	46	1	6351.94873896944	1	9	1	82	1	1115.24431299364	1	2	1	7	1	151
THR928A	0.0445901639	13	1	58	1	41411.0782450368	1	9	1	76	1	35739.3129487033	1	8	1	31	1	151
ILE305A	0.1906077348	9	1	44	1	3086.27024840591	1	6	1	38	1	1	1	1	1	1	1	151
PRO316A	0.2997275204	10	1	40	1	5483.0276156405	1	7	1	37	1	1	1	1	1	1	1	151
LYS323A	0.5225863596	6	1	24	1	892.807507444685	1	2	1	8	1	2925.04664136855	1	3	1	3	1	151
ARG324A	0.1683593750	8	1	36	1	12369.0343603488	1	6	1	33	1	6062.02003569816	1	4	1	10	1	151
GLU327A	0.2116004296	6	1	20	1	888.395614843136	1	3	1	13	1	1	1	1	1	1	1	151
ARG400A	0.1070312500	9	1	46	1	8316.1022599556	1	6	1	39	1	8270.03740842422	1	3	1	7	1	151
HIS328A	0.0572839506	11	1	46	1	23368.7414369096	1	8	1	62	1	17717.3818894263	1	3	1	5	1	151
HIS329A	0.3758024691	5	1	17	1	1	1	1	1	1	1	1885.56905482778	1	2	1	3	1	151
GLN330A	0.6972049689	4	1	10	1	1	1	1	1	1	1	1	1	1	1	1	1	151
ASP331A	0.0730938878	12	1	42	1	4120.77402931166	1	7	1	46	1	1	1	1	1	1	1	151
LYS392A	0.1138175376	9	1	32	1	1478.15356521441	1	6	1	39	1	487.829644077781	1	2	1	5	1	151
LEU332A	0.0455722424	9	1	37	1	928.45862898263	1	5	1	36	1	1	1	1	1	1	1	151
TYR359A	0.1169763514	13	1	50	1	8678.83322239795	1	9	1	64	1	1	1	1	1	1	1	151
TYR362A	0.0202702703	12	1	47	1	17330.3264721212	1	11	1	78	1	1	1	1	1	1	1	151
ILE363A	0.2602209945	11	1	39	1	5767.59928261387	1	8	1	47	1	1	1	1	1	1	1	151
LEU398A	0.0274469187	12	1	48	1	8192.8633327492	1	12	1	82	1	1	1	1	1	1	1	151
LEU399A	0.0062143967	13	1	51	1	4584.23104233322	1	13	1	91	1	1	1	1	1	1	1	151
LYS401A	0.1829052259	8	1	32	1	5024.72955687144	1	6	1	39	1	1	1	1	1	1	1	151
THR333A	0.5875409836	6	1	21	1	1	1	1	1	1	1	1	1	1	1	1	1	151
LEU334A	0.3459347488	7	1	23	1	1291.09966738797	1	4	1	21	1	1	1	1	1	1	1	151
LEU335A	0.0455722424	17	1	53	1	5218.76420374052	1	12	1	98	1	1	1	1	1	1	1	151
GLU388A	0.5982814178	6	1	22	1	791.765564715352	1	3	1	14	1	767.49901950355	1	2	1	5	1	151
LEU389A	0.0145002589	11	1	38	1	2346.45474036634	1	9	1	63	1	1	1	1	1	1	1	151
LYS336A	0.3246235607	9	1	31	1	2785.46431582493	1	5	1	22	1	1	1	1	1	1	1	151
PHE351A	0.0722621185	10	1	42	1	2982.008317567	1	9	1	59	1	1	1	1	1	1	1	151
ALA337A	0.3996613040	7	1	27	1	1	1	1	1	1	1	1	1	1	1	1	1	151
LEU338A	0.0725012947	10	1	31	1	2117.95063473444	1	6	1	37	1	1	1	1	1	1	1	151
GLY385A	0.3359818388	6	1	17	1	1194.6696610044	1	6	1	23	1	1	1	1	1	1	1	151
THR386A	0.2813114754	8	1	29	1	1526.56284300492	1	8	1	40	1	1	1	1	1	1	1	151
VAL339A	0.0024316109	13	1	37	1	1952.46242192503	1	9	1	52	1	1	1	1	1	1	1	151
ILE350A	0.0077348066	12	1	45	1	7454.53311346166	1	10	1	79	1	1	1	1	1	1	1	151
PHE372A	0.0000000000	16	1	54	1	13432.6200653018	1	13	1	114	1	1	1	1	1	1	1	151
ILE376A	0.0143646409	12	1	45	1	2437.84318284272	1	7	1	65	1	1	1	1	1	1	1	151
ILE379A	0.0629834254	12	1	41	1	1245.71191112918	1	8	1	59	1	1	1	1	1	1	1	151
LEU380A	0.0274469187	12	1	40	1	4998.17212298067	1	8	1	56	1	1	1	1	1	1	1	151
MET383A	0.0511307768	12	1	38	1	1799.50168408805	1	10	1	55	1	1	1	1	1	1	1	151
ARG340A	0.5820312500	6	1	16	1	731.841538550058	1	4	1	14	1	1	1	1	1	1	1	151
TYR347A	0.0920608108	8	1	24	1	297.067314473687	1	4	1	16	1	1	1	1	1	1	1	151
PHE352A	0.5480251346	5	1	17	1	1281.08274153049	1	3	1	12	1	1	1	1	1	1	1	151
GLN341A	0.7261904762	5	1	16	1	308.291812169814	1	3	1	15	1	1	1	1	1	1	1	151
GLN342A	0.3969979296	6	1	21	1	520.893378179239	1	4	1	17	1	1	1	1	1	1	1	151
LEU343A	0.1149663387	8	1	26	1	3447.81355570035	1	8	1	43	1	1	1	1	1	1	1	151
PRO344A	0.4836512262	4	1	15	1	834.104680266816	1	3	1	12	1	1	1	1	1	1	1	151
LYS346A	0.1961913198	9	1	31	1	740.897426761054	1	7	1	41	1	1	1	1	1	1	1	151
ASP384A	0.8563327032	3	1	9	1	1490.26062736688	1	3	1	7	1	1	1	1	1	1	1	151
GLU345A	0.7577873255	2	1	7	1	1140	1	2	1	8	1	1	1	1	1	1	1	151
LYS382A	0.6842338353	5	1	15	1	50.631423387652	1	3	1	14	1	1	1	1	1	1	1	151
GLU349A	0.3045112782	7	1	24	1	1146.0447531852	1	5	1	33	1	1	1	1	1	1	1	151
PHE375A	0.2037701975	11	1	37	1	944.309764184311	1	8	1	56	1	1	1	1	1	1	1	151
LYS348A	0.7099202834	3	1	9	1	1	1	1	1	1	1	1	1	1	1	1	1	151
ASP353A	0.4322621298	8	1	24	1	2100.41591241069	1	6	1	40	1	1	1	1	1	1	1	151
LYS356A	0.3480956599	6	1	25	1	1144.92222222222	1	6	1	41	1	1	1	1	1	1	1	151
GLY358A	0.0181611805	14	1	46	1	9475.09135602342	1	14	1	98	1	1	1	1	1	1	1	151
ALA360A	0.0508044030	10	1	33	1	1418.21445099217	1	8	1	47	1	1	1	1	1	1	1	151
SER355A	0.7604006163	4	1	18	1	1141.41666666667	1	4	1	22	1	1	1	1	1	1	1	151
GLY361A	0.0158910329	15	1	37	1	6160.54502854458	1	12	1	71	1	1	1	1	1	1	1	151
GLN354A	0.4974120083	5	1	19	1	1142.0982905983	1	5	1	25	1	1	1	1	1	1	1	151
ASP364A	0.7284183995	5	1	26	1	75.3742098691314	1	2	1	5	1	1	1	1	1	1	1	151
GLY365A	0.3007945516	7	1	26	1	1247.9801807225	1	6	1	33	1	1	1	1	1	1	1	151
ASN357A	0.3764350453	8	1	31	1	1383.01447664522	1	8	1	49	1	1	1	1	1	1	1	151
GLY366A	0.9307604994	5	1	20	1	357.956280830889	1	4	1	23	1	1	1	1	1	1	1	151
ALA367A	0.1278577477	8	1	34	1	2089.90438196869	1	7	1	58	1	1	1	1	1	1	1	151
SER368A	0.4268104777	7	1	20	1	3617.63029329376	1	6	1	25	1	1	1	1	1	1	1	151
GLU371A	0.4226638024	6	1	14	1	865.113954455525	1	5	1	22	1	1	1	1	1	1	1	151
TYR373A	0.0371621622	11	1	40	1	5729.19259404511	1	7	1	58	1	1	1	1	1	1	1	151
ARG403A	0.6765625000	3	1	14	1	177.802943344609	1	2	1	8	1	1	1	1	1	1	1	151
GLU370A	0.7180451128	5	1	22	1	4721.36346979697	1	3	1	17	1	1	1	1	1	1	1	151
LYS374A	0.6275465013	5	1	15	1	261.301353543054	1	2	1	6	1	1	1	1	1	1	1	151
LEU393A	0.0357327809	11	1	43	1	18264.0477189559	1	9	1	60	1	1	1	1	1	1	1	151
LYS377A	0.3773250664	8	1	30	1	947.878217459439	1	4	1	19	1	698.131277402556	1	2	1	5	1	151
PRO378A	0.3555858311	6	1	25	1	1	1	1	1	1	1	1	1	1	1	1	1	151
GLU381A	0.5934479055	6	1	18	1	3848.39865765236	1	4	1	16	1	1	1	1	1	1	1	151
LEU390A	0.1361988607	9	1	28	1	2219.82294968023	1	6	1	32	1	1634.59582329467	1	2	1	5	1	151
GLU387A	0.6176154672	3	1	10	1	1	1	1	1	1	1	1	1	1	1	1	1	151
VAL391A	0.2516717325	5	1	14	1	1	1	1	1	1	1	1454.70500579216	1	3	1	9	1	151
HIS420A	0.3096296296	7	1	26	1	657.824405267289	1	3	1	9	1	1960.86331057104	1	3	1	8	1	151
GLU441A	0.0988184748	9	1	29	1	1933.66843241028	1	5	1	20	1	3591.03674985734	1	4	1	13	1	151
ARG424A	0.4769531250	5	1	17	1	450.594267362107	1	3	1	10	1	462.417430151657	1	2	1	4	1	151
ARG437A	0.2511718750	9	1	30	1	1039.38295803514	1	5	1	17	1	1	1	1	1	1	1	151
GLU427A	0.1450053706	6	1	21	1	1348.93836989728	1	6	1	25	1	1	1	1	1	1	1	151
ASP428A	0.6301197227	3	1	13	1	1252.63571612425	1	3	1	12	1	1	1	1	1	1	1	151
LYS434A	0.3994685562	5	1	12	1	216.306925589211	1	3	1	8	1	1	1	1	1	1	1	151
ASP435A	0.7737870195	3	1	11	1	1	1	1	1	1	1	1	1	1	1	1	1	151
GLU438A	0.7615467240	3	1	10	1	1	1	1	1	1	1	1	1	1	1	1	1	151
LYS442A	0.5801594331	5	1	11	1	463.318109009267	1	2	1	5	1	1493.58626095124	1	2	1	3	1	151
HIS723A	0.2641975309	11	1	44	1	38369.6532855714	1	7	1	31	1	30041.8715181391	1	6	1	12	1	151
GLU505A	0.4559613319	4	1	14	1	2994.42580977842	1	4	1	19	1	2994.42580977842	1	4	1	7	1	151
PRO503A	0.6662125341	7	1	24	1	4400.49429754903	1	7	1	29	1	948.16547240055	1	2	1	4	1	151
SER663A	0.0631741140	9	1	33	1	29468.9134941968	1	9	1	54	1	5032.70003249599	1	4	1	9	1	151
LEU666A	0.1051268773	12	1	36	1	4872.6591944597	1	11	1	75	1	1	1	1	1	1	1	151
ILE708A	0.1441988950	9	1	31	1	5058.62049156447	1	5	1	31	1	1	1	1	1	1	1	151
ALA711A	0.3403895004	7	1	19	1	3291.88756370408	1	3	1	16	1	1	1	1	1	1	1	151
GLN712A	0.6402691511	5	1	14	1	1336.6673046983	1	2	1	7	1	1	1	1	1	1	1	151
LYS665A	0.5504871568	6	1	22	1	125122.442673058	1	5	1	26	1	77441.2107069762	1	3	1	5	1	151
TYR515A	0.1465371622	12	1	38	1	10838.6538160246	1	10	1	74	1	7118.05176554639	1	5	1	14	1	151
GLY660A	0.0953461975	9	1	33	1	1581.9903171144	1	7	1	57	1	367.028494337969	1	2	1	5	1	151
LEU662A	0.1517348524	10	1	36	1	3871.86529004412	1	9	1	72	1	2202.03069536684	1	5	1	11	1	151
LEU508A	0.0730191611	11	1	41	1	7465.88529591736	1	11	1	81	1	3822.93254977418	1	4	1	12	1	151
SER512A	0.0000000000	14	1	50	1	12898.4605565288	1	14	1	104	1	1	1	1	1	1	1	151
LEU514A	0.0372863801	10	1	40	1	4812.55907679918	1	9	1	67	1	2098.76303013529	1	4	1	12	1	151
GLU617A	0.0483351235	11	1	42	1	4184.42256172976	1	7	1	61	1	1	1	1	1	1	1	151
ARG664A	0.3796875000	10	1	37	1	10972.1387904164	1	7	1	47	1	12121.3399878929	1	4	1	9	1	151
ILE667A	0.0011049724	14	1	44	1	25484.4784137167	1	12	1	93	1	3950.86947165116	1	5	1	14	1	151
HIS511A	0.2602469136	12	1	40	1	23849.1350003391	1	12	1	82	1	1	1	1	1	1	1	151
VAL620A	0.0000000000	13	1	50	1	6109.02164882257	1	8	1	74	1	1	1	1	1	1	1	151
TYR656A	0.0329391892	12	1	44	1	19389.6671675358	1	10	1	76	1	1	1	1	1	1	1	151
LYS510A	0.5022143490	5	1	25	1	1987.31231305979	1	5	1	30	1	1	1	1	1	1	1	151
GLU516A	0.1433941998	12	1	43	1	11435.4795501897	1	9	1	69	1	4086.18395937877	1	4	1	11	1	151
GLY592A	0.1418842225	9	1	34	1	16978.280913397	1	7	1	44	1	1	1	1	1	1	1	151
THR593A	0.0000000000	11	1	45	1	3507.52896986948	1	9	1	75	1	1	1	1	1	1	1	151
ASP596A	0.0951480781	9	1	28	1	3910.41984491388	1	5	1	32	1	1	1	1	1	1	1	151
ARG654A	0.3410156250	8	1	33	1	1859.447954901	1	7	1	46	1	1	1	1	1	1	1	151
GLU613A	0.1337271751	10	1	39	1	10260.3146977002	1	8	1	55	1	1	1	1	1	1	1	151
LEU513A	0.0243397204	12	1	50	1	4319.02865330077	1	10	1	71	1	1	1	1	1	1	1	151
TYR517A	0.1532939189	12	1	46	1	7528.28715557919	1	8	1	51	1	4713.33794407776	1	5	1	16	1	151
LEU591A	0.0093215950	13	1	50	1	5049.05322365576	1	12	1	77	1	2018.47464291162	1	6	1	16	1	151
TYR594A	0.0375844595	10	1	37	1	1764.7616752684	1	8	1	52	1	1	1	1	1	1	1	151
LEU597A	0.0145002589	14	1	46	1	4990.05747010549	1	10	1	68	1	1	1	1	1	1	1	151
LEU607A	0.0341791818	11	1	39	1	5674.57232664319	1	10	1	61	1	1	1	1	1	1	1	151
LEU616A	0.0165717245	12	1	45	1	1855.12515868177	1	7	1	55	1	1	1	1	1	1	1	151
ASN668A	0.3673716012	8	1	28	1	2438.74297708948	1	7	1	40	1	1575.13214597138	1	4	1	8	1	151
LEU680A	0.0870015536	10	1	43	1	14263.1577929277	1	8	1	55	1	8313.94855998235	1	5	1	14	1	151
PHE518A	0.0511669659	10	1	38	1	1812.04983534807	1	8	1	64	1	1318.14536165384	1	2	1	5	1	151
THR519A	0.2137704918	7	1	37	1	1237.71585879013	1	3	1	19	1	5749.41089977696	1	5	1	14	1	151
ARG661A	0.8605468750	2	1	11	1	1140	1	2	1	10	1	1	1	1	1	1	1	151
VAL520A	0.0000000000	11	1	42	1	1324.89323239042	1	7	1	54	1	2738.63135873537	1	5	1	16	1	151
ALA589A	0.1236240474	9	1	34	1	4057.16536125808	1	8	1	51	1	1843.15435271808	1	3	1	9	1	151
SER590A	0.1494607088	9	1	36	1	5545.75846080355	1	9	1	52	1	2203.20702491659	1	4	1	8	1	151
TYR521A	0.1275337838	11	1	44	1	9269.7949272889	1	8	1	47	1	6307.55076358037	1	5	1	14	1	151
VAL549A	0.0085106383	12	1	44	1	3889.86253671321	1	7	1	46	1	2344.76061612101	1	4	1	12	1	151
LYS554A	0.1155890168	10	1	37	1	2011.72520442114	1	8	1	45	1	670.866101312791	1	3	1	6	1	151
ASP608A	0.4461247637	8	1	25	1	2143.85843980655	1	6	1	28	1	448.248516394621	1	2	1	3	1	151
ASN522A	0.1915407855	10	1	31	1	3284.4486973896	1	7	1	47	1	1144.44051541465	1	2	1	5	1	151
ILE679A	0.0116022099	14	1	43	1	15588.433209683	1	12	1	89	1	1	1	1	1	1	1	151
LEU683A	0.0088037286	12	1	44	1	22467.4413867296	1	10	1	67	1	10584.8045259617	1	3	1	7	1	151
PHE693A	0.0834829443	10	1	36	1	1647.72424921397	1	8	1	63	1	1	1	1	1	1	1	151
GLU523A	0.3802363050	8	1	25	1	1772.01780174991	1	5	1	30	1	929.053810499114	1	2	1	4	1	151
LEU524A	0.0010357328	12	1	34	1	2980.47307856092	1	10	1	71	1	1	1	1	1	1	1	151
PHE553A	0.0035906643	13	1	42	1	3933.48559622	1	11	1	83	1	817.764214454721	1	3	1	9	1	151
PHE587A	0.2459605027	12	1	31	1	4432.89883970731	1	12	1	79	1	1	1	1	1	1	1	151
THR525A	0.0786885246	8	1	35	1	1865.51052946788	1	5	1	34	1	1235.24890494662	1	4	1	8	1	151
LYS545A	0.0806023029	10	1	35	1	11776.8284264675	1	8	1	45	1	8195.61998105053	1	3	1	6	1	151
LYS546A	0.5066430469	7	1	22	1	2005.97872923476	1	3	1	13	1	1	1	1	1	1	1	151
LYS684A	0.1195748450	8	1	29	1	2658.50073638923	1	6	1	25	1	3560.40930937972	1	3	1	6	1	151
ASN692A	0.2120845921	8	1	24	1	4582.36510082722	1	8	1	38	1	1	1	1	1	1	1	151
MET694A	0.4827925270	5	1	16	1	585.662139873937	1	3	1	14	1	1	1	1	1	1	1	151
LEU696A	0.0062143967	12	1	34	1	6686.24746938228	1	11	1	71	1	1	1	1	1	1	1	151
ASN588A	0.9045317221	2	1	7	1	1140	1	2	1	5	1	1	1	1	1	1	1	151
VAL527A	0.7537993921	7	1	22	1	1278.92000579604	1	6	1	44	1	1	1	1	1	1	1	151
LEU540A	0.4552045572	8	1	26	1	1975.14561006137	1	7	1	39	1	1	1	1	1	1	1	151
ILE548A	0.1049723757	13	1	31	1	1734.3451424761	1	8	1	57	1	1	1	1	1	1	1	151
LEU564A	0.3682030036	12	1	30	1	2177.90854798327	1	12	1	78	1	1	1	1	1	1	1	151
LYS526A	0.5416297609	3	1	11	1	1140	1	3	1	12	1	1	1	1	1	1	1	151
GLN695A	0.5460662526	6	1	15	1	1139.16829702354	1	5	1	21	1	1	1	1	1	1	1	151
VAL561A	1.0316109422	6	1	19	1	3216.79654339694	1	6	1	38	1	1	1	1	1	1	1	151
GLY542A	0.3904653802	6	1	20	1	1027.69064691891	1	3	1	12	1	1	1	1	1	1	1	151
GLN544A	0.5522774327	6	1	21	1	323.202527032994	1	3	1	11	1	1	1	1	1	1	1	151
GLU543A	0.9264232009	4	1	12	1	173.952569320035	1	2	1	5	1	1	1	1	1	1	1	151
SER541A	0.4013867488	5	1	17	1	1971.17943892977	1	5	1	13	1	1	1	1	1	1	1	151
ALA547A	0.3234546994	8	1	25	1	268.529441910869	1	3	1	11	1	1	1	1	1	1	1	151
ASP550A	0.5362318841	5	1	19	1	448.248516394621	1	2	1	6	1	924.324052362787	1	3	1	4	1	151
LEU551A	0.4230968410	6	1	27	1	56.3197212708488	1	2	1	7	1	1	1	1	1	1	1	151
ASP567A	0.9565217391	7	1	24	1	1322.38857124978	1	7	1	35	1	1	1	1	1	1	1	151
LEU552A	0.1180735370	9	1	25	1	474.703939922036	1	7	1	47	1	1	1	1	1	1	1	151
VAL559A	0.0869300912	10	1	32	1	3872.85290246608	1	9	1	66	1	1887.79411044538	1	2	1	4	1	151
THR555A	0.6144262295	5	1	20	1	1600.65392807847	1	3	1	14	1	1397.78595338513	1	2	1	3	1	151
ASN556A	0.9371601208	6	1	22	1	1722.66503269127	1	4	1	20	1	1435.93905394698	1	2	1	3	1	151
GLN563A	0.6221532091	8	1	19	1	1352.5384151011	1	8	1	33	1	1	1	1	1	1	1	151
HIS595A	0.0958024691	10	1	33	1	3284.02201809207	1	7	1	37	1	2832.72500733211	1	3	1	3	1	151
LEU598A	0.1429311238	9	1	32	1	1492.92639154266	1	6	1	30	1	1	1	1	1	1	1	151
LYS604A	0.6505757307	6	1	20	1	217.326003271408	1	4	1	20	1	1	1	1	1	1	1	151
THR560A	1.1042622951	7	1	20	1	2682.90533043586	1	5	1	25	1	3362.45029454086	1	2	1	2	1	151
ARG557A	0.4238281250	6	1	22	1	1211.98424130128	1	6	1	27	1	1	1	1	1	1	1	151
LYS599A	1.0792736935	5	1	18	1	277.469695795624	1	3	1	11	1	1	1	1	1	1	1	151
LYS558A	1.4211691763	4	1	17	1	4469.45386596948	1	3	1	15	1	3362.45029454086	1	2	1	2	1	151
LYS562A	0.7435783880	4	1	8	1	1348.85020208224	1	4	1	10	1	1	1	1	1	1	1	151
GLU566A	1.0574650913	4	1	12	1	1147.31666666667	1	4	1	15	1	1	1	1	1	1	1	151
LYS565A	1.0544729849	3	1	7	1	1151.61765531387	1	3	1	9	1	1	1	1	1	1	1	151
ILE600A	0.1265193370	9	1	32	1	3051.4530755408	1	7	1	29	1	645.651479146436	1	2	1	3	1	151
ILE601A	0.1044198895	11	1	40	1	2067.0890221185	1	9	1	58	1	1	1	1	1	1	1	151
ILE619A	0.0198895028	12	1	41	1	2448.84017731269	1	8	1	63	1	1	1	1	1	1	1	151
LEU623A	0.0000000000	10	1	44	1	4694.588496769	1	8	1	55	1	2061.64153944458	1	3	1	7	1	151
LEU651A	0.0062143967	10	1	39	1	1794.56429637678	1	8	1	59	1	1	1	1	1	1	1	151
LYS602A	0.7497785651	6	1	21	1	1643.67248565461	1	6	1	21	1	1	1	1	1	1	1	151
VAL647A	0.0778115502	9	1	27	1	1198.12326939765	1	6	1	33	1	1	1	1	1	1	1	151
GLN650A	0.3954451346	6	1	18	1	956.262771376105	1	3	1	12	1	992.870867375964	1	2	1	3	1	151
ARG653A	0.7375000000	5	1	18	1	3171.23115567263	1	4	1	16	1	1637.5223465224	1	3	1	3	1	151
ASP603A	0.4977945810	5	1	20	1	1233.1806091785	1	5	1	30	1	1	1	1	1	1	1	151
PHE606A	0.0969479354	10	1	29	1	2220.0992583478	1	10	1	52	1	1	1	1	1	1	1	151
PHE643A	0.0915619390	13	1	37	1	2519.05343707926	1	11	1	72	1	1	1	1	1	1	1	151
ASP605A	0.7195967234	5	1	17	1	1158.91731479407	1	4	1	13	1	1	1	1	1	1	1	151
ASN609A	0.3256797583	5	1	14	1	825.91354070215	1	4	1	18	1	1	1	1	1	1	1	151
ASN612A	0.1867069486	9	1	27	1	1871.28589072886	1	6	1	29	1	1	1	1	1	1	1	151
ILE615A	0.1939226519	8	1	26	1	480.443891573961	1	5	1	32	1	1	1	1	1	1	1	151
LEU642A	0.4743656137	6	1	22	1	1194.87912697549	1	5	1	27	1	1	1	1	1	1	1	151
GLU611A	0.7905477981	3	1	7	1	1483.57614723835	1	2	1	3	1	1	1	1	1	1	1	151
GLU610A	0.8791621912	3	1	13	1	1212.71892622064	1	3	1	14	1	673.196259132063	1	2	1	4	1	151
ASP614A	0.5620667927	6	1	26	1	5809.42555637397	1	3	1	8	1	1	1	1	1	1	1	151
ASP618A	0.3623188406	7	1	31	1	3413.52802119976	1	4	1	25	1	1	1	1	1	1	1	151
TYR639A	0.2048141892	9	1	29	1	4365.54579311978	1	9	1	47	1	1	1	1	1	1	1	151
THR622A	0.0236065574	11	1	47	1	8440.30822382097	1	6	1	39	1	3340.74084690831	1	4	1	9	1	151
LEU636A	0.0170895909	14	1	40	1	8948.83981749261	1	12	1	68	1	575.070561600757	1	2	1	5	1	151
THR638A	0.6393442623	6	1	20	1	3617.06846508172	1	6	1	24	1	1	1	1	1	1	1	151
ILE632A	0.0022099448	10	1	39	1	5434.45545693702	1	7	1	39	1	3260.68445595939	1	5	1	9	1	151
ARG655A	0.3597656250	8	1	32	1	8783.83198183747	1	7	1	36	1	2594.93524725581	1	3	1	4	1	151
ARG629A	0.4972656250	5	1	18	1	753.38164973609	1	4	1	14	1	43.4811753333568	1	2	1	3	1	151
LYS652A	0.1465899026	7	1	26	1	1735.67492566371	1	5	1	25	1	1164.65389964632	1	3	1	6	1	151
GLU633A	0.3802363050	7	1	23	1	2152.07834789107	1	5	1	16	1	2526.16464635821	1	2	1	2	1	151
GLU634A	0.5075187970	4	1	17	1	2763.71137397676	1	3	1	10	1	3526.2713745299	1	2	1	2	1	151
LYS637A	0.4805137290	5	1	15	1	2437.64733617128	1	5	1	18	1	1	1	1	1	1	1	151
MET648A	0.0875122911	10	1	30	1	4018.30912647915	1	7	1	38	1	1	1	1	1	1	1	151
LYS649A	0.6288751107	5	1	13	1	1290.07979618849	1	2	1	5	1	1	1	1	1	1	1	151
ALA640A	0.2658763760	8	1	26	1	2225.25816080203	1	6	1	28	1	1	1	1	1	1	1	151
HIS641A	0.7812345679	4	1	17	1	1036.96542547896	1	3	1	14	1	1	1	1	1	1	1	151
ASP645A	0.7202268431	5	1	17	1	481.853647181643	1	2	1	6	1	1	1	1	1	1	1	151
ASP644A	0.7567737870	4	1	14	1	1278.77507171382	1	4	1	13	1	1	1	1	1	1	1	151
LYS646A	0.6886625332	4	1	9	1	67.6727579099437	1	2	1	4	1	1	1	1	1	1	1	151
GLY669A	0.4914869467	8	1	32	1	5560.35729987266	1	4	1	19	1	11224.6566953789	1	2	1	4	1	151
ILE670A	0.2099447514	10	1	35	1	68123.1976333176	1	10	1	54	1	1	1	1	1	1	1	151
ILE697A	0.1779005525	8	1	30	1	2267.31839129707	1	6	1	39	1	1	1	1	1	1	1	151
PHE704A	0.0026929982	12	1	38	1	10460.7874196913	1	10	1	74	1	1	1	1	1	1	1	151
THR678A	0.1416393443	9	1	36	1	17240.7059170971	1	9	1	56	1	1	1	1	1	1	1	151
ASP681A	0.4977945810	5	1	21	1	2715.90982119043	1	4	1	20	1	1146.90632795534	1	2	1	3	1	151
ARG671A	0.8109375000	3	1	13	1	1371.83980367105	1	3	1	7	1	1	1	1	1	1	1	151
THR703A	0.1659016393	5	1	19	1	4314.57338394249	1	3	1	17	1	1	1	1	1	1	1	151
ASP707A	0.3327032136	8	1	22	1	3599.2583746124	1	4	1	19	1	1	1	1	1	1	1	151
ASP672A	0.6565847511	8	1	21	1	3756.14214165218	1	8	1	35	1	1	1	1	1	1	1	151
LYS677A	0.5916740478	6	1	16	1	1250.20592031357	1	6	1	31	1	1	1	1	1	1	1	151
PHE682A	0.1036804309	9	1	30	1	2985.62317865629	1	8	1	53	1	1	1	1	1	1	1	151
SER701A	0.6949152542	4	1	12	1	1082.43445645526	1	3	1	15	1	1	1	1	1	1	1	151
LEU702A	0.0445365096	8	1	25	1	1979.98121276504	1	7	1	46	1	1	1	1	1	1	1	151
ARG691A	0.6074218750	8	1	21	1	1990.30728972624	1	8	1	39	1	1	1	1	1	1	1	151
ASP699A	0.3238815375	7	1	22	1	1501.8479768984	1	5	1	26	1	1	1	1	1	1	1	151
HIS698A	0.6153086420	4	1	10	1	1011.69601272462	1	2	1	5	1	1	1	1	1	1	1	151
LYS705A	0.2183348096	7	1	20	1	2342.69424024824	1	5	1	14	1	1	1	1	1	1	1	151
ASP700A	0.6055450536	4	1	11	1	1153.72797524113	1	4	1	7	1	1	1	1	1	1	1	151
GLU706A	0.5365198711	5	1	10	1	484.056542708458	1	2	1	4	1	1	1	1	1	1	1	151
GLN709A	0.6464803313	5	1	12	1	11.0029905189909	1	2	1	4	1	1	1	1	1	1	1	151
LYS710A	0.7063773251	5	1	10	1	1	1	1	1	1	1	1	1	1	1	1	1	151
VAL713A	0.8024316109	3	1	7	1	1	1	1	1	1	1	1	1	1	1	1	1	151
SER714A	0.9714946071	4	1	8	1	1	1	1	1	1	1	1	1	1	1	1	1	151
LEU720A	0.1418953910	9	1	37	1	5849.99683457205	1	7	1	33	1	6643.81766901499	1	7	1	21	1	151
SER719A	0.7511556240	4	1	21	1	1	1	1	1	1	1	2455.71241684633	1	2	1	6	1	151
VAL741A	0.0170212766	12	1	51	1	2918.46757412474	1	6	1	34	1	1250.94677001427	1	3	1	11	1	151
ILE934A	0.0292817680	12	1	47	1	4303.05301657203	1	7	1	44	1	559.283337977426	1	2	1	7	1	151
ARG938A	0.3898437500	7	1	31	1	1310.32931749782	1	5	1	21	1	632.106639736399	1	2	1	7	1	151
LEU727A	0.0595546349	11	1	50	1	17280.2841342995	1	10	1	72	1	11906.3861185156	1	5	1	14	1	151
HIS930A	0.2286419753	10	1	48	1	7680.53169937275	1	4	1	30	1	7762.39180389422	1	5	1	22	1	151
SER937A	0.5254237288	9	1	41	1	20588.0134062342	1	5	1	27	1	1	1	1	1	1	1	151
ASP745A	0.3969754253	7	1	42	1	779.341265278419	1	3	1	16	1	1	1	1	1	1	1	151
GLU746A	0.1944146079	10	1	37	1	1759.04502593579	1	7	1	59	1	1	1	1	1	1	1	151
LYS749A	0.3689105403	5	1	15	1	449.414886799807	1	4	1	16	1	1	1	1	1	1	1	151
SER1351A	0	10	1	38	1	7706.82096351915	1	8	1	60	1	3688.37852798815	1	3	1	8	1	151
ARG753A	0.6855468750	3	1	14	1	1229.41499210092	1	3	1	12	1	1	1	1	1	1	1	151
LYS755A	0.3148804252	8	1	27	1	3263.58821072776	1	8	1	52	1	1	1	1	1	1	1	151
VAL953A	0.0000000000	11	1	48	1	4377.77152898287	1	10	1	88	1	1	1	1	1	1	1	151
ASN940A	0.0453172205	10	1	33	1	12529.1114687473	1	10	1	68	1	1	1	1	1	1	1	151
THR941A	0.5377049180	7	1	27	1	4009.55969966478	1	6	1	35	1	1	1	1	1	1	1	151
LYS942A	0.5270150576	4	1	11	1	1252.77715000038	1	4	1	19	1	1	1	1	1	1	1	151
GLU952A	0.3641245972	7	1	22	1	3252.91509095568	1	7	1	41	1	1	1	1	1	1	1	151
LYS954A	0.3215234721	9	1	33	1	1433.69229145062	1	8	1	61	1	1	1	1	1	1	1	151
ILE998A	0.0679558011	13	1	53	1	5403.52480921201	1	10	1	86	1	3407.15986723185	1	5	1	17	1	151
GLY994A	0.0000000000	14	1	64	1	5294.59352108898	1	8	1	80	1	4863.4640720992	1	8	1	28	1	151
VAL1009A	0	12	1	43	1	7652.83923293259	1	11	1	91	1	4093.06847077344	1	3	1	11	1	151
VAL955A	0.0000000000	14	1	57	1	9180.21992056253	1	13	1	112	1	1033.09394089412	1	2	1	9	1	151
THR957A	0.1003278689	11	1	55	1	20336.9195348368	1	10	1	78	1	15718.821823905	1	9	1	28	1	151
LEU958A	0.0233039876	15	1	64	1	20314.5914679775	1	15	1	138	1	9782.69854426585	1	6	1	20	1	151
VAL993A	0.0000000000	14	1	62	1	5944.69045470914	1	8	1	80	1	5702.33563018801	1	6	1	18	1	151
ALA932A	0.0135478408	11	1	49	1	3804.03611591634	1	5	1	40	1	4765.73243327526	1	4	1	19	1	151
GLU923A	0.1858216971	9	1	42	1	10820.0630816983	1	8	1	58	1	9141.55853838535	1	6	1	25	1	151
SER960A	0.4468412943	8	1	41	1	3434.98945182324	1	5	1	43	1	3085.64652391933	1	4	1	13	1	151
SER777A	0.1309707242	10	1	28	1	3716.54842999225	1	6	1	28	1	590.929831346858	1	2	1	7	1	151
ARG778A	0.1859375000	7	1	25	1	510.195717471082	1	3	1	17	1	1	1	1	1	1	1	151
ASN803A	0.2368580060	10	1	26	1	4072.92658522639	1	7	1	26	1	1	1	1	1	1	1	151
GLN807A	0.7153209110	6	1	19	1	1325.98454868756	1	4	1	18	1	1	1	1	1	1	1	151
MET781A	0.3628318584	9	1	29	1	1770.42821999294	1	5	1	27	1	1	1	1	1	1	1	151
THR804A	0.6491803279	5	1	19	1	1142.36394678869	1	2	1	6	1	1	1	1	1	1	1	151
LEU806A	0.0300362506	13	1	41	1	9341.5520115766	1	11	1	65	1	1895.17236478	1	3	1	16	1	151
GLU809A	0.3754027927	8	1	35	1	22070.028148212	1	6	1	44	1	20504.3889827651	1	5	1	19	1	151
ILE784A	0.1160220994	12	1	45	1	5004.95038333033	1	7	1	58	1	2577.99207185735	1	3	1	16	1	151
GLU785A	0.3243823845	6	1	22	1	1	1	1	1	1	1	1	1	1	1	1	1	151
VAL801A	0.2534954407	9	1	29	1	2588.37729093564	1	9	1	49	1	1	1	1	1	1	1	151
GLU802A	0.7615467240	5	1	12	1	948.722888832124	1	3	1	7	1	1	1	1	1	1	1	151
GLU786A	0.2873254565	10	1	31	1	1840.57118394743	1	5	1	30	1	1	1	1	1	1	1	151
GLY787A	0.0227014756	12	1	37	1	5362.51546891805	1	8	1	53	1	1	1	1	1	1	1	151
LEU891A	0.0569653030	12	1	40	1	5384.12813729391	1	12	1	76	1	503.433570075482	1	2	1	10	1	151
ILE892A	0.0248618785	14	1	59	1	11612.0103398251	1	14	1	121	1	224.168162640554	1	2	1	10	1	151
ILE788A	0.5370165746	7	1	25	1	591.541365948048	1	4	1	29	1	1	1	1	1	1	1	151
TYR815A	0.2187500000	10	1	37	1	5024.78927020944	1	9	1	56	1	1	1	1	1	1	1	151
ASN818A	0.4193353474	12	1	42	1	5792.52755597026	1	12	1	77	1	1	1	1	1	1	1	151
LYS789A	0.3644818423	5	1	20	1	131.656873297297	1	2	1	8	1	1	1	1	1	1	1	151
GLU790A	0.5762620838	6	1	21	1	1144.38190221931	1	6	1	34	1	1	1	1	1	1	1	151
ALA889A	0.0508044030	11	1	34	1	2291.83942127838	1	8	1	48	1	1	1	1	1	1	1	151
LEU886A	0.0507509063	13	1	53	1	3172.9224259778	1	9	1	83	1	837.047143724205	1	2	1	10	1	151
ASN888A	0.5631419940	8	1	27	1	1240.40501858776	1	5	1	30	1	1	1	1	1	1	1	151
LEU791A	0.6649404454	7	1	24	1	1190.41735778314	1	7	1	35	1	1	1	1	1	1	1	151
ARG820A	0.3187500000	8	1	25	1	1244.06686705909	1	8	1	43	1	1	1	1	1	1	1	151
GLN885A	0.4554865424	7	1	23	1	38.5945545812688	1	3	1	14	1	1	1	1	1	1	1	151
HIS799A	0.4582716049	4	1	14	1	1140	1	4	1	23	1	1	1	1	1	1	1	151
ILE830A	0.3519337017	8	1	26	1	934.799283184395	1	7	1	44	1	1	1	1	1	1	1	151
PRO800A	0.8821525886	3	1	12	1	1160.08183925295	1	3	1	11	1	1	1	1	1	1	1	151
GLN805A	0.3887163561	6	1	20	1	246.207000585622	1	3	1	15	1	1	1	1	1	1	1	151
LEU811A	0.1341273951	9	1	33	1	2189.66329912359	1	7	1	35	1	1	1	1	1	1	1	151
TYR814A	0.1186655405	12	1	40	1	2465.0322312974	1	10	1	76	1	1	1	1	1	1	1	151
ASN808A	0.6054380665	4	1	16	1	719.062602846601	1	3	1	13	1	1	1	1	1	1	1	151
LYS810A	0.4056687334	8	1	30	1	3383.56404405895	1	7	1	40	1	1	1	1	1	1	1	151
LEU813A	0.0062143967	11	1	45	1	6793.1823013449	1	7	1	70	1	4921.78108299822	1	4	1	21	1	151
VAL838A	0.3987841945	12	1	52	1	19623.6846403031	1	11	1	89	1	9636.7284318123	1	3	1	6	1	151
ASP850A	0.2753623188	9	1	32	1	56762.9516477974	1	8	1	39	1	14571.0101890444	1	2	1	5	1	151
LYS855A	0.1333038087	9	1	39	1	19938.0597419286	1	9	1	62	1	9522.14685243467	1	5	1	17	1	151
SER834A	0.1602465331	11	1	33	1	4899.07861968738	1	7	1	56	1	1	1	1	1	1	1	151
ASP835A	0.7107750473	5	1	14	1	1083.94583779799	1	2	1	7	1	1	1	1	1	1	1	151
ASP837A	0.1430371771	8	1	33	1	1679.88857304696	1	8	1	68	1	1	1	1	1	1	1	151
LEU857A	0.0041429311	14	1	49	1	6279.53778247454	1	14	1	111	1	1	1	1	1	1	1	151
GLN817A	0.0093167702	12	1	53	1	4508.45705515094	1	10	1	100	1	1	1	1	1	1	1	151
MET822A	0.0000000000	15	1	59	1	9456.96379779328	1	15	1	148	1	1	1	1	1	1	1	151
VAL856A	0.0000000000	15	1	57	1	5672.04224929853	1	15	1	156	1	773.259898163407	1	2	1	8	1	151
GLY819A	0.0351872872	10	1	35	1	2691.4398863812	1	10	1	72	1	1	1	1	1	1	1	151
LEU828A	0.0082858622	12	1	43	1	2248.51091519934	1	12	1	108	1	1	1	1	1	1	1	151
ASP829A	0.6263390044	6	1	20	1	1015.65729956523	1	5	1	27	1	1	1	1	1	1	1	151
LEU833A	0.2563438633	10	1	32	1	1393.83474545219	1	8	1	67	1	1	1	1	1	1	1	151
LYS896A	0.0221434898	13	1	59	1	18544.6284903394	1	11	1	113	1	12260.2955033277	1	7	1	30	1	151
ASP821A	0.0151228733	13	1	41	1	2115.39204972988	1	11	1	97	1	1	1	1	1	1	1	151
TYR882A	0.0692567568	10	1	40	1	3796.35942277384	1	8	1	68	1	1	1	1	1	1	1	151
GLU827A	0.7400644468	6	1	23	1	1370.1118607886	1	5	1	32	1	1	1	1	1	1	1	151
ASP825A	0.8229363579	5	1	21	1	1229.15799740998	1	5	1	28	1	1	1	1	1	1	1	151
TYR823A	0.0244932432	16	1	49	1	5087.29187842336	1	15	1	152	1	1	1	1	1	1	1	151
VAL824A	0.2492401216	9	1	31	1	1300.33092084375	1	8	1	65	1	1	1	1	1	1	1	151
GLN826A	0.6366459627	5	1	17	1	1139.99999999999	1	5	1	36	1	1	1	1	1	1	1	151
THR858A	0.0065573770	15	1	48	1	5134.71935785657	1	15	1	146	1	1	1	1	1	1	1	151
ARG859A	0.1707031250	12	1	37	1	1458.6812374098	1	11	1	86	1	1	1	1	1	1	1	151
ARG864A	0.2066406250	9	1	30	1	1784.18964946273	1	9	1	78	1	1	1	1	1	1	1	151
GLY865A	0.0045402951	14	1	41	1	1910.1202492596	1	12	1	111	1	1	1	1	1	1	1	151
MET879A	0.1243854474	11	1	43	1	2619.67740814538	1	10	1	82	1	1	1	1	1	1	1	151
ILE841A	0.0011049724	14	1	58	1	12414.8072651532	1	13	1	133	1	6761.12925562322	1	5	1	14	1	151
TRP883A	0.0000000000	17	1	58	1	6857.84386850581	1	14	1	129	1	1	1	1	1	1	1	151
LEU900A	0.0000000000	11	1	48	1	1150.46516175711	1	9	1	99	1	1	1	1	1	1	1	151
ASP839A	0.0894770006	12	1	49	1	4449.54707346585	1	12	1	125	1	1618.39591852124	1	3	1	7	1	151
LYS862A	0.1328609389	12	1	44	1	4205.90353898314	1	11	1	103	1	1383.46312237601	1	2	1	4	1	151
LYS866A	0.0026572188	13	1	50	1	4120.20029410443	1	13	1	124	1	2338.18532971777	1	6	1	15	1	151
SER872A	0.0000000000	12	1	45	1	2317.89788972594	1	12	1	117	1	1	1	1	1	1	1	151
VAL876A	0.0790273556	11	1	38	1	1832.26642896624	1	9	1	77	1	1	1	1	1	1	1	151
TYR836A	0.2360641892	10	1	35	1	2594.73424698166	1	7	1	69	1	1	1	1	1	1	1	151
ASN831A	0.8598187311	4	1	13	1	89.1387796729732	1	2	1	5	1	1	1	1	1	1	1	151
ARG832A	0.2640625000	4	1	15	1	1	1	1	1	1	1	1	1	1	1	1	1	151
ASN863A	0.7299093656	5	1	23	1	1244.72422429275	1	4	1	17	1	1021.6148531435	1	3	1	5	1	151
HIS840A	0.1777777778	11	1	49	1	16176.315344277	1	10	1	77	1	4714.1249536465	1	2	1	3	1	151
PRO843A	0.0347411444	15	1	57	1	7400.16693786162	1	11	1	96	1	2740.18308055769	1	4	1	12	1	151
ALA1053A	0	11	1	50	1	6868.54745404945	1	10	1	91	1	2497.43445520453	1	4	1	9	1	151
VAL842A	0.0291793313	10	1	40	1	2810.02610089827	1	8	1	62	1	1	1	1	1	1	1	151
GLN844A	0.3162525880	10	1	37	1	4562.5146771491	1	10	1	74	1	1	1	1	1	1	1	151
LYS848A	0.1337466785	10	1	31	1	3665.4080510343	1	9	1	56	1	1	1	1	1	1	1	151
ASP849A	0.1644612476	11	1	41	1	14110.9657728489	1	10	1	65	1	2335.09144388841	1	2	1	4	1	151
ASN854A	0.0036253776	10	1	46	1	5991.11538789822	1	10	1	77	1	1961.29874805637	1	3	1	11	1	151
PRO871A	0.0647138965	12	1	49	1	7759.11776855841	1	10	1	83	1	3702.65241058479	1	5	1	14	1	151
ASN899A	0.2362537764	12	1	47	1	16878.0771925996	1	8	1	65	1	22837.7375626522	1	5	1	15	1	151
PHE846A	0.0323159785	14	1	50	1	5284.06525611372	1	12	1	99	1	1	1	1	1	1	1	151
LEU847A	0.0248575867	10	1	48	1	6294.07361257606	1	8	1	59	1	1	1	1	1	1	1	151
LEU908A	0.3138270326	13	1	47	1	8331.30575792928	1	13	1	95	1	1	1	1	1	1	1	151
PHE916A	0.0825852783	12	1	47	1	4814.76576225081	1	7	1	58	1	1	1	1	1	1	1	151
SER845A	0.0107858243	12	1	46	1	5760.05815817023	1	11	1	96	1	1	1	1	1	1	1	151
ASN869A	0.1685800604	13	1	45	1	4068.00117506656	1	12	1	100	1	383.127938983817	1	2	1	6	1	151
VAL870A	0.4188449848	7	1	34	1	3611.26999174997	1	5	1	40	1	1028.79679839724	1	3	1	6	1	151
LEU1052A	0	12	1	39	1	4218.5134872092	1	10	1	78	1	1	1	1	1	1	1	151
ASP965A	0.0478890989	10	1	36	1	4665.63256711191	1	6	1	48	1	1	1	1	1	1	1	151
ASP969A	0.3119092628	8	1	33	1	1977.94715574768	1	6	1	50	1	1	1	1	1	1	1	151
ASN1041A	0	12	1	45	1	8647.53033831432	1	11	1	83	1	1	1	1	1	1	1	151
ASN1044A	0	12	1	47	1	5173.30173840178	1	12	1	106	1	1	1	1	1	1	1	151
LYS1047A	0	10	1	41	1	13202.5633723134	1	10	1	79	1	1	1	1	1	1	1	151
ILE1050A	0	11	1	39	1	7339.62256020418	1	11	1	87	1	1	1	1	1	1	1	151
THR1051A	0	8	1	29	1	6787.33213851233	1	7	1	46	1	1	1	1	1	1	1	151
TYR1039A	0	10	1	35	1	2060.61632517782	1	10	1	81	1	315.364993897264	1	2	1	3	1	151
SER1040A	0	16	1	56	1	10811.1775711149	1	14	1	111	1	1	1	1	1	1	1	151
ARG1058A	0	8	1	30	1	2123.58294294992	1	8	1	64	1	1	1	1	1	1	1	151
LYS913A	0.0460584588	13	1	42	1	3305.40276225471	1	10	1	82	1	611.02115630265	1	2	1	5	1	151
PHE1038A	0	9	1	36	1	1767.05730496369	1	8	1	54	1	743.807751657694	1	3	1	7	1	151
ARG919A	0.4988281250	6	1	30	1	5128.39325123275	1	4	1	23	1	3582.84092715855	1	2	1	3	1	151
GLN920A	0.1019668737	11	1	56	1	25535.8230576006	1	9	1	76	1	1	1	1	1	1	1	151
LYS961A	0.2732506643	10	1	38	1	16623.0206279504	1	7	1	45	1	1	1	1	1	1	1	151
LYS968A	0.3387953942	6	1	23	1	209.06603459833	1	3	1	16	1	1	1	1	1	1	1	151
SER964A	0.4483821263	8	1	35	1	52905.7620138661	1	4	1	24	1	33286.3760883384	1	4	1	9	1	151
ASN1054A	0	8	1	30	1	1409.14657350361	1	7	1	39	1	814.773686397994	1	4	1	10	1	151
GLY1055A	0	6	1	24	1	2102.93895402438	1	4	1	15	1	799.636889271974	1	2	1	3	1	151
SER867A	0.4114021572	8	1	32	1	1588.59505143505	1	7	1	38	1	970.963757816968	1	3	1	6	1	151
GLU873A	0.1240601504	10	1	38	1	1198.82543309575	1	7	1	47	1	2082.59671826116	1	4	1	8	1	151
VAL875A	0.7580547112	5	1	17	1	510.884841010714	1	3	1	13	1	1	1	1	1	1	1	151
ASP868A	0.6238185255	5	1	18	1	126.861968400141	1	3	1	11	1	276.297409775449	1	2	1	4	1	151
GLU1056A	0	5	1	22	1	1235.83958069934	1	5	1	29	1	1	1	1	1	1	1	151
LYS877A	0.1545615589	10	1	36	1	3311.18737291853	1	8	1	55	1	1489.78995003413	1	2	1	5	1	151
LYS902A	0.4942426926	7	1	29	1	1241.14087879637	1	5	1	30	1	1010.87562942882	1	2	1	4	1	151
GLU874A	0.7900107411	3	1	10	1	1	1	1	1	1	1	1	1	1	1	1	1	151
LYS878A	0.7280779451	5	1	14	1	954.792727110059	1	2	1	5	1	1	1	1	1	1	1	151
LYS880A	0.2883082374	7	1	27	1	2976.11517461119	1	5	1	17	1	1	1	1	1	1	1	151
THR901A	0.2616393443	7	1	33	1	2846.27062504547	1	4	1	25	1	4354.63183912397	1	3	1	8	1	151
ASN881A	0.6314199396	5	1	27	1	81.2653415157726	1	2	1	10	1	1	1	1	1	1	1	151
ARG884A	0.5578125000	6	1	21	1	222.249427926466	1	2	1	6	1	1	1	1	1	1	1	151
PHE897A	0.0610412926	9	1	31	1	1125.19154691724	1	6	1	37	1	1411.15744654018	1	2	1	3	1	151
LEU887A	0.1662351113	8	1	35	1	2953.80843994086	1	6	1	32	1	2720.07426700976	1	4	1	10	1	151
ASP898A	0.4064272212	7	1	26	1	884.67518836173	1	3	1	15	1	2799.06535483667	1	4	1	7	1	151
SER909A	0.3751926040	6	1	23	1	1551.59343877314	1	6	1	24	1	1	1	1	1	1	1	151
ASP912A	0.2640201638	7	1	26	1	419.245366319765	1	4	1	22	1	1	1	1	1	1	1	151
LEU911A	0.5696530295	5	1	16	1	153.983341996503	1	3	1	11	1	1	1	1	1	1	1	151
ALA914A	0.0406435224	12	1	36	1	2226.36190581717	1	6	1	41	1	1	1	1	1	1	1	151
GLU910A	0.5306122449	6	1	22	1	226.499253157684	1	4	1	19	1	73.2059248913536	1	2	1	5	1	151
ARG1019A	0	6	1	20	1	1895.03701906754	1	6	1	22	1	1	1	1	1	1	1	151
ILE1022A	0	10	1	35	1	2176.28707804066	1	10	1	71	1	1	1	1	1	1	1	151
ALA1023A	0	7	1	24	1	2569.28746233754	1	5	1	31	1	2569.28746233754	1	5	1	6	1	151
GLY915A	0.4335981839	8	1	30	1	578.104083130098	1	3	1	22	1	1	1	1	1	1	1	151
ILE917A	0.0011049724	14	1	48	1	5343.80022360666	1	10	1	92	1	1	1	1	1	1	1	151
PHE1037A	0	12	1	51	1	8019.59111596645	1	12	1	106	1	1741.8848261961	1	2	1	5	1	151
LYS918A	0.3689105403	8	1	33	1	7295.50707278051	1	6	1	34	1	1	1	1	1	1	1	151
VAL1018A	0	9	1	33	1	2298.73131765585	1	9	1	55	1	1	1	1	1	1	1	151
LEU921A	0.0134645262	11	1	49	1	14148.6915418887	1	11	1	98	1	1	1	1	1	1	1	151
TYR1001A	0	12	1	49	1	6095.36823321225	1	12	1	108	1	1	1	1	1	1	1	151
LEU1004A	0	15	1	49	1	9308.46832253631	1	12	1	103	1	1	1	1	1	1	1	151
MET1021A	0	9	1	33	1	2568.56822802954	1	9	1	71	1	1	1	1	1	1	1	151
ILE1042A	0	12	1	54	1	5996.46584047516	1	11	1	102	1	1	1	1	1	1	1	151
VAL922A	0.2930091185	8	1	36	1	16271.4029705999	1	7	1	44	1	9616.13728506274	1	3	1	8	1	151
GLU1007A	0	7	1	27	1	3737.89509668032	1	6	1	33	1	1	1	1	1	1	1	151
VAL1015A	0	5	1	16	1	2070.91902867402	1	4	1	17	1	1	1	1	1	1	1	151
LYS959A	0.2099202834	8	1	41	1	42692.7279606469	1	8	1	54	1	20950.7634047225	1	3	1	10	1	151
LEU962A	0.0616261005	12	1	51	1	10264.4702013742	1	10	1	87	1	1	1	1	1	1	1	151
MET1043A	0	15	1	60	1	25216.9003923758	1	14	1	115	1	1	1	1	1	1	1	151
LEU997A	0.0041429311	14	1	58	1	7326.05128635271	1	11	1	113	1	1	1	1	1	1	1	151
PHE1008A	0	12	1	57	1	18251.2372576716	1	12	1	102	1	2116.69393407398	1	4	1	10	1	151
ASP936A	0.0390674228	11	1	39	1	4000.91789223065	1	8	1	59	1	1	1	1	1	1	1	151
TYR1010A	0	7	1	29	1	4927.32687971204	1	7	1	42	1	1	1	1	1	1	1	151
LEU949A	0.3008803729	7	1	23	1	2370.15877573461	1	7	1	41	1	1	1	1	1	1	1	151
ARG951A	0.2570312500	13	1	35	1	9493.64548929502	1	12	1	77	1	1	1	1	1	1	1	151
GLY1011A	0	7	1	25	1	2231.40589971742	1	6	1	38	1	1	1	1	1	1	1	151
ILE950A	0.3806629834	6	1	16	1	8154.59488900899	1	6	1	24	1	3412.68479967612	1	2	1	2	1	151
TYR943A	0.6043074324	5	1	13	1	1730.0603624864	1	4	1	13	1	1133.31520032388	1	2	1	2	1	151
ASP947A	0.7630749842	3	1	6	1	1133.31520032388	1	2	1	4	1	1133.31520032388	1	2	1	2	1	151
ASN946A	0.6120845921	3	1	5	1	2	1	2	1	3	1	1	1	1	1	1	1	151
ASP944A	0.2885948330	5	1	7	1	4550.68479967612	1	3	1	8	1	3412.68479967612	1	2	1	2	1	151
LYS948A	0.6240035430	3	1	5	1	1140	1	3	1	4	1	1	1	1	1	1	1	151
GLU1005A	0	9	1	37	1	4100.54201418653	1	8	1	60	1	3185.89516899333	1	3	1	6	1	151
ASP1012A	0	2	1	12	1	1140	1	2	1	12	1	1	1	1	1	1	1	151
TYR1013A	0	7	1	25	1	1821.3182088368	1	7	1	47	1	500.360349682476	1	2	1	3	1	151
PHE966A	0.0107719928	13	1	51	1	6044.82465116352	1	10	1	84	1	2121.90839195959	1	4	1	21	1	151
ARG967A	0.0601562500	10	1	47	1	13843.0469670851	1	8	1	51	1	14408.6716996697	1	5	1	18	1	151
LEU989A	0.0000000000	13	1	66	1	5944.62761668641	1	7	1	48	1	5758.09452511739	1	6	1	29	1	151
LYS974A	0.1612046058	8	1	37	1	25732.8229379974	1	8	1	47	1	14658.3512094184	1	3	1	5	1	151
PHE970A	0.1490125673	8	1	35	1	5034.23444383688	1	7	1	55	1	1483.83473299387	1	2	1	8	1	151
PHE972A	0.0354578097	10	1	38	1	8715.2387407948	1	10	1	56	1	5405.33930797017	1	8	1	26	1	151
PHE1046A	0	13	1	54	1	6445.67581300046	1	13	1	109	1	360.615556301952	1	2	1	9	1	151
PHE1080A	0	11	1	39	1	2963.03813607725	1	7	1	55	1	1750.4903599636	1	3	1	10	1	151
TYR973A	0.1668074324	7	1	22	1	10514.7955474306	1	7	1	23	1	5623.49659174793	1	2	1	5	1	151
LEU1087A	0	8	1	40	1	5692.54047632286	1	7	1	43	1	2957.14813517733	1	4	1	17	1	151
THR1048A	0	5	1	20	1	1335.91297085366	1	5	1	26	1	1	1	1	1	1	1	151
GLN971A	0.5967908903	5	1	16	1	1405.479902465	1	5	1	18	1	1	1	1	1	1	1	151
ARG1084A	0	7	1	28	1	3017.89681211276	1	5	1	22	1	1924.8026116383	1	3	1	4	1	151
ASN1234A	0	9	1	28	1	2980.91036848093	1	5	1	24	1	1	1	1	1	1	1	151
LEU1238A	0	8	1	27	1	4145.49074399024	1	4	1	18	1	1	1	1	1	1	1	151
TYR1237A	0	7	1	30	1	4999.51775446753	1	4	1	22	1	4090.30880481328	1	2	1	3	1	151
HIS1241A	0	5	1	17	1	695.737943483447	1	2	1	7	1	1	1	1	1	1	1	151
ARG976A	0.5453125000	5	1	28	1	1145.46081932708	1	5	1	37	1	1	1	1	1	1	1	151
GLU977A	0.4511278195	8	1	41	1	32527.8446523812	1	7	1	50	1	16421.5399783367	1	2	1	5	1	151
VAL975A	0.0802431611	12	1	48	1	23379.4574237353	1	9	1	62	1	11415.5388751188	1	2	1	5	1	151
ILE978A	0.0364640884	13	1	52	1	31072.3826979931	1	12	1	98	1	15371.3658646988	1	3	1	8	1	151
ASN979A	0.0791540785	14	1	57	1	19122.4734424449	1	13	1	111	1	10201.2900487731	1	7	1	18	1	151
LEU1228A	0	13	1	46	1	10575.0092186492	1	12	1	90	1	1	1	1	1	1	1	151
VAL1233A	0	8	1	36	1	1575.90680062096	1	6	1	49	1	1	1	1	1	1	1	151
LEU1236A	0	14	1	43	1	12669.4865666099	1	10	1	81	1	1	1	1	1	1	1	151
SER1240A	0	9	1	33	1	6742.60455014449	1	6	1	30	1	1	1	1	1	1	1	151
ILE1310A	0	10	1	40	1	7191.09221216245	1	7	1	53	1	1	1	1	1	1	1	151
PHE1313A	0	14	1	52	1	11753.3891374633	1	14	1	116	1	1	1	1	1	1	1	151
HIS1311A	0	8	1	36	1	15926.0371789208	1	6	1	39	1	1	1	1	1	1	1	151
THR1314A	0	9	1	40	1	8236.15408746628	1	8	1	51	1	314.118483226401	1	2	1	4	1	151
ASN1317A	0	11	1	51	1	11113.9130998871	1	10	1	87	1	7655.73427793128	1	6	1	19	1	151
LEU1226A	0	10	1	44	1	8888.82173370752	1	9	1	73	1	1	1	1	1	1	1	151
ALA1227A	0	10	1	44	1	7743.52992816669	1	8	1	59	1	4502.18926336347	1	5	1	13	1	151
THR1316A	0	11	1	48	1	8446.01400580769	1	11	1	94	1	1508.9663299551	1	3	1	12	1	151
GLY1319A	0	12	1	49	1	18624.2921088351	1	11	1	90	1	6388.23667564012	1	3	1	10	1	151
LYS1000A	0	13	1	48	1	5242.81968785703	1	11	1	83	1	1	1	1	1	1	1	151
PHE1045A	0	12	1	54	1	5330.10612554986	1	12	1	110	1	1	1	1	1	1	1	151
PRO1002A	0	11	1	45	1	5770.32676241198	1	9	1	53	1	4109.14533206108	1	3	1	7	1	151
GLU1071A	0	7	1	30	1	1686.47576217059	1	7	1	44	1	781.432593959261	1	2	1	4	1	151
TYR1036A	0	10	1	33	1	2381.45832833209	1	10	1	68	1	1	1	1	1	1	1	151
ARG1060A	0	8	1	37	1	4724.78379514397	1	8	1	67	1	1	1	1	1	1	1	151
GLU1064A	0	9	1	38	1	2509.42468270836	1	9	1	78	1	1	1	1	1	1	1	151
THR1065A	0	9	1	29	1	2347.64713631712	1	8	1	40	1	1	1	1	1	1	1	151
ASN1066A	0	11	1	32	1	2921.55454296813	1	8	1	62	1	1	1	1	1	1	1	151
GLY1067A	0	6	1	23	1	1159.56454259294	1	4	1	27	1	1	1	1	1	1	1	151
TYR1016A	0	7	1	23	1	3280.50730576599	1	6	1	31	1	1	1	1	1	1	1	151
GLU1068A	0	6	1	20	1	1149.05138166389	1	4	1	24	1	1	1	1	1	1	1	151
THR1069A	0	6	1	20	1	1098.00544632635	1	4	1	22	1	1	1	1	1	1	1	151
LYS1003A	0	7	1	22	1	1336.9141462217	1	7	1	35	1	1	1	1	1	1	1	151
LYS1014A	0	5	1	16	1	1549.57788024393	1	3	1	13	1	1	1	1	1	1	1	151
SER1006A	0	8	1	34	1	8013.03691762438	1	7	1	38	1	2471.20869034084	1	3	1	4	1	151
ASP1017A	0	5	1	10	1	680.614162182914	1	3	1	8	1	1	1	1	1	1	1	151
LYS1020A	0	3	1	8	1	1151.81200578769	1	3	1	8	1	1	1	1	1	1	1	151
SER1025A	0	4	1	16	1	912.997190607519	1	3	1	17	1	912.997190607519	1	3	1	4	1	151
GLN1027A	0	2	1	6	1	1	1	1	1	1	1	1	1	1	1	1	1	151
GLU1026A	0	2	1	1	1	1	1	1	1	1	1	1	1	1	1	1	1	151
LYS1024A	0	2	1	1	1	1	1	1	1	1	1	1	1	1	1	1	1	151
LYS1076A	0	12	1	37	1	5066.41167705079	1	10	1	70	1	1	1	1	1	1	1	151
LEU1062A	0	5	1	19	1	1226.55639266077	1	5	1	24	1	1	1	1	1	1	1	151
GLU1049A	0	4	1	11	1	230.839293487503	1	3	1	7	1	1	1	1	1	1	1	151
ILE1057A	0	7	1	22	1	2326.24066152147	1	6	1	31	1	1	1	1	1	1	1	151
LYS1059A	0	3	1	7	1	153.657151587724	1	2	1	3	1	1	1	1	1	1	1	151
ILE1063A	0	8	1	29	1	1475.38256399837	1	7	1	33	1	1	1	1	1	1	1	151
PRO1061A	0	4	1	18	1	1141.83333333333	1	4	1	24	1	1	1	1	1	1	1	151
GLY1077A	0	8	1	28	1	941.00267149888	1	5	1	31	1	1	1	1	1	1	1	151
GLY1070A	0	6	1	17	1	409.48879431961	1	3	1	12	1	1	1	1	1	1	1	151
ALA1081A	0	7	1	25	1	1	1	1	1	1	1	463.335783263166	1	2	1	3	1	151
SER1230A	0	8	1	35	1	6228.40109814762	1	5	1	24	1	2762.0115754832	1	3	1	6	1	151
SER1088A	0	5	1	24	1	740.808067327223	1	3	1	10	1	807.539494473742	1	3	1	4	1	151
PRO1229A	0	8	1	28	1	2133.80920451121	1	7	1	31	1	792.188508492794	1	2	1	3	1	151
GLN1350A	0	9	1	48	1	5487.41686401886	1	8	1	69	1	4128.58421281151	1	5	1	16	1	151
THR1098A	0	8	1	42	1	10033.9565306157	1	7	1	48	1	7875.11190920069	1	3	1	11	1	151
LEU1203A	0	10	1	46	1	19840.5210080075	1	9	1	73	1	9603.97515666904	1	2	1	5	1	151
MET1213A	0	11	1	44	1	4429.24366019816	1	10	1	82	1	1	1	1	1	1	1	151
GLN1221A	0	13	1	42	1	8451.03836460967	1	12	1	95	1	1	1	1	1	1	1	151
PRO1199A	0	8	1	37	1	7386.49717682707	1	8	1	55	1	3009.06523664224	1	4	1	11	1	151
SER1202A	0	10	1	45	1	4544.353671376	1	9	1	76	1	1	1	1	1	1	1	151
HIS1349A	0	6	1	31	1	6860.93318121986	1	5	1	27	1	4541.17840710288	1	3	1	7	1	151
ALA1140A	0	10	1	36	1	10580.9250746081	1	10	1	64	1	5464.74410417408	1	4	1	15	1	151
TYR1141A	0	11	1	37	1	4536.30514304835	1	9	1	61	1	3008.3323679989	1	3	1	10	1	151
ARG1171A	0	10	1	32	1	13005.0007829895	1	7	1	53	1	10428.6862182518	1	3	1	10	1	151
LYS1197A	0	10	1	32	1	7387.13287501863	1	10	1	66	1	3929.12553139012	1	3	1	10	1	151
VAL1139A	0	10	1	41	1	9963.29984296738	1	8	1	57	1	7396.40980077594	1	6	1	18	1	151
ILE1168A	0	7	1	24	1	2242.13867486862	1	5	1	31	1	2106.17621936463	1	3	1	9	1	151
PRO1137A	0	2	1	7	1	1140	1	2	1	7	1	1	1	1	1	1	1	151
THR1167A	0	8	1	25	1	6863.24370624435	1	7	1	30	1	1	1	1	1	1	1	151
SER1142A	0	14	1	45	1	5467.91680654663	1	13	1	106	1	2793.36267188654	1	5	1	12	1	151
GLY1165A	0	11	1	41	1	3111.01830012128	1	9	1	66	1	1146.22618461512	1	4	1	12	1	151
ILE1166A	0	13	1	40	1	13116.378320272	1	12	1	88	1	754.579611871149	1	2	1	5	1	151
SER1216A	0	10	1	42	1	7807.93935727376	1	9	1	75	1	721.415275565118	1	2	1	6	1	151
ALA1217A	0	8	1	32	1	1649.44674886323	1	8	1	67	1	1077.99132472088	1	4	1	11	1	151
VAL1143A	0	13	1	40	1	4749.15084033579	1	11	1	81	1	958.889562387933	1	3	1	8	1	151
PHE1174A	0	12	1	34	1	7247.80160402065	1	10	1	63	1	1	1	1	1	1	1	151
GLU1175A	0	6	1	19	1	1838.8127861548	1	4	1	21	1	1	1	1	1	1	1	151
LEU1163A	0	13	1	47	1	9227.94125780074	1	12	1	103	1	4655.65379900657	1	5	1	14	1	151
LEU1164A	0	10	1	34	1	1968.43497651866	1	8	1	54	1	1441.75624161397	1	3	1	8	1	151
LEU1198A	0	11	1	44	1	6203.92784183392	1	11	1	96	1	2505.3179578473	1	4	1	14	1	151
LEU1214A	0	13	1	41	1	19406.2876663005	1	12	1	106	1	1	1	1	1	1	1	151
GLY1218A	0	8	1	32	1	2100.35047336836	1	8	1	64	1	1	1	1	1	1	1	151
THR1339A	0	12	1	39	1	3794.35939932041	1	11	1	89	1	1	1	1	1	1	1	151
VAL1145A	0	8	1	32	1	3188.91389857789	1	7	1	39	1	1737.00649281101	1	2	1	5	1	151
LEU1182A	0	10	1	30	1	5849.80474366367	1	7	1	42	1	877.857174216722	1	2	1	3	1	151
ILE1195A	0	5	1	22	1	1476.61581680029	1	5	1	32	1	1	1	1	1	1	1	151
ILE1196A	0	7	1	35	1	3955.29777626605	1	6	1	45	1	4102.87586632536	1	5	1	12	1	151
LEU1144A	0	9	1	28	1	6515.43484629201	1	9	1	56	1	6228.1028843573	1	8	1	14	1	151
VAL1146A	0	8	1	16	1	4250.01541771921	1	8	1	31	1	1890.42607800597	1	2	1	8	1	151
LYS1161A	0	6	1	20	1	1588.71122387023	1	6	1	32	1	343.69528968207	1	2	1	8	1	151
LEU1194A	0	6	1	18	1	800.437712938068	1	5	1	26	1	1639.82083872891	1	3	1	12	1	151
LEU1343A	0	8	1	35	1	4332.55007370794	1	8	1	57	1	141.716693216205	1	2	1	8	1	151
GLU1162A	0	5	1	15	1	1030.3677779931	1	4	1	14	1	818.499987054378	1	2	1	2	1	151
LYS1185A	0	9	1	28	1	1298.90848504379	1	7	1	48	1	1	1	1	1	1	1	151
GLY1186A	0	6	1	15	1	2583.12355353767	1	6	1	18	1	1	1	1	1	1	1	151
VAL1160A	0	3	1	10	1	1173.35014430014	1	3	1	11	1	818.499987054378	1	2	1	2	1	151
LYS1192A	0	5	1	19	1	1602.19217522752	1	5	1	19	1	945.082761096016	1	3	1	3	1	151
ASP1193A	0	2	1	7	1	1140	1	2	1	8	1	1	1	1	1	1	1	151
ASP1344A	0	4	1	11	1	1179.17947183193	1	4	1	14	1	1	1	1	1	1	1	151
PHE1204A	0	13	1	49	1	6020.56777823701	1	11	1	97	1	1	1	1	1	1	1	151
VAL1342A	0	12	1	47	1	6051.59491238472	1	12	1	108	1	1	1	1	1	1	1	151
GLU1170A	0	8	1	28	1	1443.94721232148	1	7	1	44	1	1	1	1	1	1	1	151
PHE1181A	0	9	1	25	1	8951.50590689951	1	6	1	32	1	1	1	1	1	1	1	151
MET1169A	0	3	1	9	1	1049.60675645984	1	2	1	7	1	1	1	1	1	1	1	151
SER1172A	0	4	1	10	1	1	1	1	1	1	1	1	1	1	1	1	1	151
LYS1176A	0	2	1	3	1	1	1	1	1	1	1	1	1	1	1	1	1	151
SER1173A	0	4	1	10	1	2277	1	3	1	9	1	1	1	1	1	1	1	151
ASN1177A	0	4	1	11	1	1175.54121009718	1	4	1	9	1	1	1	1	1	1	1	151
PRO1178A	0	7	1	22	1	2442.11958095592	1	4	1	17	1	1	1	1	1	1	1	151
ASP1180A	0	5	1	9	1	27.4116609492126	1	2	1	4	1	1	1	1	1	1	1	151
ILE1179A	0	4	1	13	1	68.2255868792935	1	2	1	5	1	68.2255868792935	1	2	1	3	1	151
GLU1183A	0	4	1	8	1	611.31040589821	1	2	1	6	1	1	1	1	1	1	1	151
ALA1184A	0	4	1	12	1	119.74720301788	1	2	1	6	1	1	1	1	1	1	1	151
LEU1347A	0	11	1	43	1	12000.9032134249	1	10	1	76	1	2550.27060329649	1	3	1	9	1	151
ALA1215A	0	10	1	39	1	7449.59933576562	1	9	1	71	1	1	1	1	1	1	1	151
ALA1320A	0	8	1	34	1	8951.89593919894	1	7	1	55	1	1	1	1	1	1	1	151
LYS1211A	0	9	1	38	1	5558.22430188549	1	9	1	69	1	1	1	1	1	1	1	151
GLY1223A	0	10	1	48	1	6292.93990746366	1	9	1	78	1	2451.1862403025	1	2	1	6	1	151
ILE1348A	0	10	1	42	1	5385.42642874507	1	8	1	57	1	2400.08411278472	1	4	1	13	1	151
LEU1206A	0	9	1	34	1	1717.09251636185	1	8	1	65	1	1	1	1	1	1	1	151
LEU1220A	0	12	1	44	1	5910.67064972889	1	12	1	98	1	1	1	1	1	1	1	151
ALA1345A	0	11	1	40	1	4813.11251667858	1	11	1	77	1	1	1	1	1	1	1	151
GLY1209A	0	8	1	27	1	2703.94263673253	1	8	1	50	1	1	1	1	1	1	1	151
ARG1210A	0	10	1	36	1	2899.43626061977	1	9	1	69	1	1	1	1	1	1	1	151
ARG1212A	0	12	1	49	1	7715.87869512701	1	11	1	97	1	1	1	1	1	1	1	151
GLU1341A	0	11	1	39	1	1933.69907272737	1	10	1	73	1	1	1	1	1	1	1	151
GLU1207A	0	6	1	23	1	1193.27152311259	1	6	1	42	1	1	1	1	1	1	1	151
VAL1280A	0	12	1	41	1	6925.18743006556	1	10	1	67	1	2627.8748173152	1	3	1	7	1	151
LEU1282A	0	9	1	32	1	2044.79931749845	1	9	1	63	1	575.917635599776	1	3	1	7	1	151
ARG1279A	0	6	1	21	1	1515.74809017234	1	4	1	20	1	886.723076693765	1	3	1	6	1	151
ASN1208A	0	3	1	12	1	1141.85793650794	1	3	1	13	1	1	1	1	1	1	1	151
ASN1224A	0	11	1	47	1	8385.78437028853	1	11	1	83	1	681.266898394762	1	2	1	5	1	151
TYR1336A	0	13	1	44	1	4516.9320408522	1	11	1	92	1	779.466028731916	1	3	1	8	1	151
LYS1222A	0	14	1	57	1	19660.4725687136	1	14	1	118	1	8210.25076642792	1	5	1	15	1	151
GLU1219A	0	10	1	34	1	3687.7558164158	1	9	1	51	1	1	1	1	1	1	1	151
THR1337A	0	5	1	20	1	1189.14391689815	1	4	1	26	1	1	1	1	1	1	1	151
PRO1321A	0	9	1	37	1	6468.66350629517	1	9	1	68	1	1445.10046925856	1	2	1	6	1	151
ARG1333A	0	7	1	21	1	3810.71300146721	1	6	1	34	1	1307.62891255892	1	2	1	2	1	151
ARG1335A	0	5	1	17	1	1040.62946840147	1	3	1	17	1	1	1	1	1	1	1	151
SER1338A	0	5	1	24	1	1674.6907065759	1	4	1	23	1	1	1	1	1	1	1	151
ILE1281A	0	11	1	45	1	3041.7661388924	1	9	1	78	1	1912.86166214113	1	8	1	19	1	151
LEU1315A	0	12	1	46	1	5609.64287819211	1	11	1	88	1	2971.46404084156	1	3	1	12	1	151
ALA1322A	0	8	1	39	1	5894.93893354129	1	7	1	54	1	3568.59576967297	1	4	1	8	1	151
LYS1334A	0	10	1	39	1	7417.69090290879	1	9	1	57	1	4412.6144680328	1	6	1	17	1	151
PHE1276A	0	10	1	44	1	2479.16516327781	1	5	1	36	1	2175.4336893398	1	5	1	13	1	151
GLN1272A	0	10	1	35	1	4108.81587794464	1	6	1	39	1	1	1	1	1	1	1	151
ILE1273A	0	14	1	53	1	6984.15880454428	1	10	1	92	1	1	1	1	1	1	1	151
SER1277A	0	13	1	48	1	7008.21007980331	1	9	1	72	1	1917.53247617542	1	3	1	10	1	151
TYR1232A	0	10	1	37	1	3234.48987723588	1	7	1	35	1	1	1	1	1	1	1	151
ILE1269A	0	12	1	45	1	3817.61077160585	1	8	1	61	1	1	1	1	1	1	1	151
LYS1231A	0	4	1	17	1	1013.87988388113	1	3	1	11	1	1	1	1	1	1	1	151
TYR1265A	0	7	1	23	1	1986.28684139593	1	5	1	19	1	913.425378363351	1	2	1	4	1	151
PHE1235A	0	10	1	36	1	4461.35699509041	1	7	1	37	1	2545.86114300975	1	2	1	4	1	151
GLU1268A	0	6	1	18	1	1149.94509781748	1	2	1	7	1	1	1	1	1	1	1	151
ALA1239A	0	9	1	32	1	544.043158568181	1	6	1	31	1	1	1	1	1	1	1	151
HIS1262A	0	5	1	14	1	5884.64696673419	1	5	1	14	1	3608.64696673419	1	4	1	4	1	151
LEU1266A	0	13	1	43	1	6227.3238512559	1	10	1	64	1	1	1	1	1	1	1	151
ILE1302A	0	9	1	30	1	1083.61817038169	1	7	1	34	1	91.028335917981	1	2	1	4	1	151
ALA1306A	0	11	1	41	1	1735.17961315254	1	7	1	42	1	1	1	1	1	1	1	151
ILE1309A	0	12	1	52	1	5105.66654069552	1	10	1	85	1	1	1	1	1	1	1	151
TYR1242A	0	8	1	23	1	4806.08531469002	1	8	1	31	1	1031.48916845164	1	2	1	4	1	151
GLU1307A	0	7	1	24	1	1066.9106371189	1	3	1	11	1	1	1	1	1	1	1	151
GLU1260A	0	4	1	12	1	1202.50471873383	1	4	1	17	1	1202.50471873383	1	4	1	4	1	151
ARG1303A	0	4	1	11	1	936.809820348264	1	3	1	11	1	1	1	1	1	1	1	151
GLN1261A	0	2	1	2	1	1140	1	2	1	3	1	1	1	1	1	1	1	151
VAL1259A	0	3	1	4	1	3416	1	3	1	6	1	1	1	1	1	1	1	151
LYS1263A	0	5	1	21	1	272.089302598333	1	4	1	19	1	81.9872143642074	1	2	1	4	1	151
HIS1264A	0	4	1	10	1	151.360445361092	1	2	1	5	1	151.360445361092	1	2	1	4	1	151
GLN1305A	0	13	1	37	1	1651.11043723559	1	10	1	61	1	1	1	1	1	1	1	151
ASP1267A	0	6	1	17	1	368.002664356423	1	3	1	14	1	1	1	1	1	1	1	151
ILE1270A	0	12	1	43	1	1171.94321534057	1	8	1	61	1	1	1	1	1	1	1	151
TYR1294A	0	9	1	37	1	1681.17068178719	1	8	1	54	1	1	1	1	1	1	1	151
ARG1298A	0	7	1	29	1	1816.28474208324	1	7	1	36	1	1	1	1	1	1	1	151
GLU1271A	0	5	1	15	1	1	1	1	1	1	1	1	1	1	1	1	1	151
SER1274A	0	9	1	33	1	566.512694952156	1	5	1	36	1	1	1	1	1	1	1	151
VAL1290A	0	15	1	50	1	4071.8665789201	1	11	1	88	1	1	1	1	1	1	1	151
LEU1291A	0	11	1	37	1	2765.99007431749	1	6	1	35	1	1	1	1	1	1	1	151
LEU1312A	0	15	1	50	1	4137.20115234485	1	13	1	99	1	1	1	1	1	1	1	151
TYR1326A	0	13	1	48	1	6602.28184303049	1	12	1	86	1	1	1	1	1	1	1	151
GLU1275A	0	5	1	17	1	1	1	1	1	1	1	478.165557826762	1	2	1	3	1	151
LEU1287A	0	12	1	40	1	2482.93331630266	1	9	1	63	1	485.56732943713	1	2	1	8	1	151
LYS1278A	0	6	1	23	1	815.139039463731	1	4	1	17	1	1	1	1	1	1	1	151
ALA1283A	0	9	1	35	1	1992.89696206993	1	9	1	61	1	826.001622166694	1	3	1	10	1	151
ASP1284A	0	7	1	30	1	1846.5497755179	1	4	1	20	1	397.133701347771	1	2	1	3	1	151
ALA1285A	0	5	1	19	1	1493.55606788595	1	3	1	17	1	1	1	1	1	1	1	151
ASN1286A	0	10	1	33	1	1798.49284027541	1	7	1	48	1	1	1	1	1	1	1	151
ASP1288A	0	5	1	18	1	1	1	1	1	1	1	1	1	1	1	1	1	151
LYS1289A	0	8	1	24	1	587.255927194273	1	4	1	22	1	1	1	1	1	1	1	151
PHE1324A	0	11	1	40	1	6961.07541835871	1	10	1	69	1	2391.4095975034	1	2	1	4	1	151
ILE1331A	0	10	1	36	1	2619.56994982857	1	9	1	60	1	1	1	1	1	1	1	151
ASP1332A	0	5	1	19	1	1283.60484803894	1	5	1	19	1	1	1	1	1	1	1	151
SER1292A	0	7	1	26	1	66.8843531819358	1	2	1	10	1	1	1	1	1	1	1	151
ALA1293A	0	11	1	37	1	1446.10584321104	1	5	1	36	1	1	1	1	1	1	1	151
THR1329A	0	11	1	35	1	2666.6361839638	1	10	1	52	1	1	1	1	1	1	1	151
ASN1295A	0	5	1	22	1	284.690335590061	1	2	1	7	1	1	1	1	1	1	1	151
LYS1296A	0	5	1	15	1	735.099585264991	1	3	1	14	1	1	1	1	1	1	1	151
HIS1297A	0	10	1	31	1	3564.71845908031	1	9	1	53	1	1	1	1	1	1	1	151
PHE1327A	0	8	1	30	1	1321.10321532465	1	8	1	45	1	1	1	1	1	1	1	151
ASP1328A	0	5	1	14	1	1519.61509407792	1	5	1	22	1	1	1	1	1	1	1	151
ASP1299A	0	2	1	9	1	1140	1	2	1	9	1	1	1	1	1	1	1	151
LYS1300A	0	7	1	24	1	1210.01272188168	1	7	1	37	1	1	1	1	1	1	1	151
ASN1308A	0	11	1	38	1	3691.6476867664	1	6	1	38	1	1	1	1	1	1	1	151
GLU1304A	0	6	1	17	1	344.875389743885	1	4	1	17	1	1	1	1	1	1	1	151
PRO1301A	0	4	1	14	1	1192.32463196996	1	4	1	15	1	1	1	1	1	1	1	151
LYS1325A	0	6	1	23	1	5056.25939702118	1	6	1	28	1	1	1	1	1	1	1	151
ALA1323A	0	6	1	21	1	4908.87475480719	1	6	1	29	1	1307.62891255892	1	2	1	2	1	151
THR1330A	0	5	1	17	1	1389.08727138747	1	5	1	24	1	1	1	1	1	1	1	151
LYS1340A	0	3	1	10	1	1177.94799682186	1	3	1	11	1	1	1	1	1	1	1	151
SER1363A	0	5	1	19	1	1856.85609065648	1	4	1	23	1	1	1	1	1	1	1	151
GLU945A	0.9307196563	1	1	1	1	1	1	1	1	1	1	1	1	1	1	1	1	151
SER1159A	0	1	1	1	1	1	1	1	1	1	1	1	1	1	1	1	1	151
