Degree	Degree_sidechain	SecondOrderDegree	SecondOrderDegree_sidechain	NodeEdgeBetweennessSTRIDE	NodeEdgeBetweennessSTRIDE_sidechain	IntermodularDegreeSTRIDE	IntermodularDegreeSTRIDE_sidechain	SecondOrderIntermodularDegreeSTRIDE	SecondOrderIntermodularDegreeSTRIDE_sidechain	NodeEdgeBetweennessWALKTRAP	NodeEdgeBetweennessWALKTRAP_sidechain	IntermodularDegreeWALKTRAP	IntermodularDegreeWALKTRAP_sidechain	SecondOrderIntermodularDegreeWALKTRAP	SecondOrderIntermodularDegreeWALKTRAP_sidechain
SER6A	4	3	16	7	1078	951	4	3	14	6	1	1	1	1	1	1
TYR5A	7	5	24	13	20622	3900.39586445883	7	5	28	13	1	1	1	1	1	1
VAL20A	9	8	28	23	21393	15953.9786318404	7	6	30	19	1	1	1	1	1	1
MET751A	6	3	20	10	3998	2304.24948316947	5	3	23	9	1	1	1	1	1	1
PRO756A	8	8	23	13	15198	8205.45911394874	8	8	34	21	441	221	2	2	5	4
VAL748A	8	7	20	12	2307	2031.5	6	5	24	12	146	73.5	2	2	5	4
HIS754A	4	1	11	1	1078	1	4	1	14	0	1	1	1	1	1	1
THR995A	9	7	27	17	1538	1063.52315741505	4	4	14	6	1	1	1	1	1	1
ASN758A	6	3	18	6	9102	1552.47684258495	6	3	15	3	1	1	1	1	1	1
GLY8A	8	8	32	29	7441	4996.78470981768	6	6	30	23	1	1	1	1	1	1
ILE7A	6	2	25	7	194	32	4	2	15	7	1	1	1	1	1	1
ALA991A	9	7	37	19	1442	868.957799400879	5	4	18	9	1	1	1	1	1	1
LEU9A	11	8	42	25	10399	3755.5	9	6	45	17	1791	1262.5	3	3	4	1
LEU747A	6	6	27	18	1266	646.762349209115	5	5	24	15	1	1	1	1	1	1
VAL760A	9	8	35	27	15752	13837.7517212193	7	6	28	16	1	1	2	2	2	0
ALA987A	10	9	34	29	6779	5139.59756961404	7	7	38	28	1	1	1	1	1	1
TRP18A	13	8	44	26	48908	34416.1955361854	11	7	58	27	1	1	1	1	1	1
ALA19A	7	6	32	22	45526	41987.6499748428	5	4	26	11	1	1	1	1	1	1
GLY17A	9	9	36	33	27060	25381.5099463246	7	7	30	22	41796	30685.6147410768	2	2	1	1
ASN990A	9	4	32	14	44214	22377	7	4	33	11	1	1	1	1	1	1
VAL744A	8	7	31	20	1231	616	4	4	18	11	2979	2979	3	3	6	4
ILE759A	7	3	32	10	6568	743.947674349851	6	3	28	10	1	1	1	1	1	1
ILE761A	7	4	25	10	1940	532.810642648904	6	4	21	8	734	1	3	1	3	0
LEU935A	6	5	27	18	3829	1448	5	4	19	11	2013	529.5	3	2	5	2
ASP10A	6	4	24	6	46132	14637.7050695259	6	4	24	6	1	1	1	1	1	1
GLU762A	6	5	21	8	50194	22272.2949304741	5	4	16	6	47800	47800	3	3	2	0
ASP986A	4	1	16	1	10687	1	3	1	10	0	5490	1	2	1	3	0
GLY12A	6	6	17	12	221	218.5	5	5	19	12	1	1	1	1	1	1
ILE11A	6	4	21	11	23334	7046.02536366371	6	4	20	8	1	1	1	1	1	1
MET763A	8	3	26	5	62150	40230.8494489364	7	3	26	6	47455	1	2	1	2	0
THR740A	7	6	28	18	53106	27835.2905911097	3	3	9	7	2979	1	2	1	2	0
VAL931A	8	8	23	14	27295	19020.7889307433	5	5	19	10	1	1	1	1	1	1
THR13A	6	5	16	9	48195	24258.3589829923	4	3	13	4	1	1	1	1	1	1
SER15A	6	2	18	2	3899	1103.33985315022	5	2	16	1	2754	1103.33985315022	2	2	1	1
ALA764A	5	4	16	9	1078	730.5	5	4	19	9	346	1	2	1	2	0
PHE53A	7	6	19	16	48350	31751.9919237213	7	6	18	9	1	1	1	1	1	1
ALA732A	3	3	7	6	1284	1007.64101700766	2	2	3	2	1	1	1	1	1	1
ASN14A	3	1	9	1	1078	1	2	1	6	0	1	1	1	1	1	1
ILE733A	9	4	32	5	143680	48043.465472565	7	4	27	7	55395	31705.5228209632	2	2	4	3
VAL16A	7	7	30	26	44884	22838.3919446885	5	5	15	12	41796	11111.3852589232	2	2	1	1
LEU52A	5	5	15	10	15557	12887.3299726519	4	4	11	5	28308	21591.8644859932	4	4	10	8
HIS983A	6	3	18	2	3311	1651.66014684978	4	2	13	1	2754	1651.66014684978	2	2	1	1
GLY736A	9	9	33	26	24343	16599.0080762787	3	3	10	9	1	1	1	1	1	1
GLN739A	9	5	29	7	151421	64941.0299837831	6	4	21	7	145729	61481	6	4	12	4
GLY49A	8	8	27	23	17485	11824.2906155912	6	6	31	25	1	1	1	1	1	1
ALA50A	6	5	22	15	1269	273.5	4	3	14	4	528	264.5	3	3	9	7
VAL743A	6	6	29	23	5602	4635.91093218976	3	3	15	10	1	1	2	2	5	3
THR1353A	9	6	30	17	46094	13005.669427294	6	4	28	13	9105	1	2	1	3	0
LEU47A	9	7	32	20	32332	9087.93755602037	9	7	43	21	1	1	1	1	1	1
ILE48A	9	3	34	8	4400	360	8	3	42	6	1	1	1	1	1	1
LEU1355A	9	8	33	21	35676	14761.71193514	9	8	42	28	1	1	1	1	1	1
TYR988A	11	4	37	12	135091	62882.2733054332	9	4	36	8	1	1	1	1	1	1
VAL27A	8	8	29	21	9574	8574.5	6	6	32	19	1	1	1	1	1	1
PRO28A	6	6	19	16	5039	1940.55386867031	4	4	17	14	1	1	1	1	1	1
ILE21A	6	4	27	11	1088	1070.5	5	4	18	9	1	1	1	1	1	1
THR22A	5	5	10	8	1952	982.5	4	4	8	6	1	1	1	1	1	1
VAL992A	8	6	30	16	189	95	4	4	16	10	1	1	1	1	1	1
ASP23A	3	1	5	1	206	1	2	1	2	0	1	1	1	1	1	1
LYS26A	4	1	11	1	5	1	2	1	3	0	1	1	1	1	1	1
LYS999A	3	2	8	1	1486	206	3	2	6	0	1	1	1	1	1	1
TYR25A	7	3	28	11	120002	694.887060646894	7	3	27	6	1	1	1	1	1	1
TRP1074A	8	6	26	13	70156	68455.7374658082	7	6	24	11	1	1	1	1	1	1
ALA996A	7	6	24	18	1547	599.612939353106	3	3	11	3	1	1	1	1	1	1
VAL1073A	8	7	21	12	48527	48527	6	5	22	6	1	1	1	1	1	1
VAL1086A	6	6	22	14	58518	33738.4431497435	4	4	16	10	1	1	1	1	1	1
LYS30A	3	1	4	1	1	1	1	1	1	1	3230	1	3	1	2	0
SER29A	2	2	2	1	1	1	1	1	1	1	1078	1078	2	2	2	0
PHE32A	5	5	17	14	9840	4513.49370689996	4	4	19	16	2153	2153	2	2	2	0
VAL750A	6	6	14	12	3220	2226.78144484124	4	4	12	11	1	1	1	1	1	1
LYS33A	3	1	9	1	1078	1	3	1	6	0	1	1	1	1	1	1
VAL34A	8	8	15	9	15850	15850	5	5	9	2	6647	6647	2	2	3	0
LEU35A	5	3	12	7	1855	5	3	2	4	0	1	1	1	1	1	1
GLY36A	6	5	16	10	395	395	2	2	5	2	1	1	1	1	1	1
ARG40A	3	1	8	1	1	1	1	1	1	1	1	1	1	1	1	1
ARG1359A	7	3	18	3	14679	3034.41408504675	6	3	14	3	2358	2358	2	2	3	1
SER42A	3	2	9	1	1078	1	2	1	4	0	1	1	2	2	3	0
ILE43A	4	1	12	1	6647	1	2	1	4	0	14030	1	4	1	4	0
THR1358A	4	4	6	4	2928	2600.79287885601	3	3	3	2	1	1	1	1	1	1
ASN37A	4	2	10	2	1331	986.763124783823	2	2	3	1	1	1	1	1	1	1
THR38A	6	5	12	6	6538	6538	3	3	7	2	1	1	1	1	1	1
ILE1360A	5	3	12	3	9761	345.236875216177	4	2	8	1	1	1	1	1	1	1
ASP39A	3	2	6	2	1	1	1	1	1	1	1	1	1	1	1	1
ASP1361A	4	2	9	2	3226	1	3	1	5	0	1	1	1	1	1	1
HIS41A	3	3	3	1	1	1	1	1	1	1	1	1	1	1	1	1
LYS45A	6	5	18	11	19407	10176.0646225246	5	4	16	11	12058	12058	3	3	4	0
GLN1091A	6	5	16	13	1626	1576.7990508132	4	4	14	8	1	1	1	1	1	1
GLY1354A	6	6	21	18	1301	582.081051776083	4	4	16	14	1201	482.081051776083	2	2	3	3
ASN46A	5	2	18	2	1084	188.299984575042	5	2	20	2	1	1	1	1	1	1
ASN1093A	8	5	26	12	2925	2576.08838556263	7	5	33	13	56	1	2	1	5	0
VAL1092A	8	8	25	17	14423	11002.5	7	7	30	18	55	28	2	2	5	4
ALA984A	7	6	24	16	1458	864.013848223392	4	4	18	13	1	1	1	1	1	1
LEU51A	7	6	21	15	155911	135396.66752156	5	5	17	12	108263	95770.2346811526	5	4	12	8
ILE1094A	8	5	28	12	4939	2498.5	6	4	22	9	3095	2553.5	6	5	8	3
VAL1095A	7	7	21	18	136684	74371.1737723413	5	5	14	12	75203	56563.0720994069	4	4	4	3
LYS1097A	5	3	17	3	62858	1183.41026905716	4	2	14	2	62858	1183.41026905716	3	2	8	1
ILE1352A	7	5	22	10	13396	3996.31987331633	6	5	15	10	10182	2707.23080550609	3	3	9	6
ASN980A	3	2	6	4	27706	2670.6700273481	3	2	6	3	14224	2670.6700273481	2	2	3	3
ASP54A	2	1	4	1	1078	1	2	1	3	0	1078	1	2	1	2	0
LYS735A	5	3	15	2	245518	85438.0182517813	4	3	8	1	110940	85438.0182517813	3	3	2	1
GLY56A	5	5	9	8	1	1	2	2	2	2	1	1	2	2	2	2
SER55A	2	1	4	1	1	1	1	1	1	1	1	1	1	1	1	1
GLU57A	3	1	10	1	1	1	1	1	1	1	1	1	1	1	1	1
THR58A	9	7	17	11	7999	6460.48198705301	7	5	14	6	2050	1470.77185236799	4	3	7	3
ALA61A	5	5	15	11	2050	580.228147632013	3	3	7	5	2050	580.228147632013	3	3	4	3
THR1102A	4	4	13	10	41	41	3	3	8	5	1	1	1	1	1	1
ALA59A	5	3	13	7	1382	931.289865314975	3	2	8	4	1079	196.5	3	2	3	1
THR62A	5	4	12	10	1	1	2	2	6	4	688	688	3	3	5	3
GLU60A	7	3	21	5	11284	2427.55974715974	6	3	20	4	2574	195.589730942844	4	2	8	1
GLU1099A	5	3	17	3	114413	25502.9817482187	3	2	9	2	109863	25502.9817482187	2	2	2	2
ARG63A	5	3	13	4	1853	2	3	2	8	3	392	196.5	2	2	2	1
LEU738A	6	4	22	7	7543	4429.888968559	5	4	16	8	1	1	1	1	1	1
ARG70A	5	4	12	4	11200	7464.40266832318	5	4	9	3	1	1	1	1	1	1
HIS721A	6	4	16	4	3284	1209.611031441	5	4	12	4	1	1	1	1	1	1
ALA725A	9	7	23	13	129256	129256	5	3	18	4	1	1	1	1	1	1
LEU64A	6	5	20	11	272338	143770	6	5	20	10	1	1	1	1	1	1
LYS734A	6	4	19	10	15098	6728.7062365469	6	4	21	7	7695	6726.7062365469	2	2	3	3
ILE724A	7	4	23	10	23624	21206	5	3	16	5	1	1	1	1	1	1
LYS65A	4	1	13	1	1078	1	3	1	8	0	1	1	1	1	1	1
THR67A	6	6	15	11	4622	4100.74435637704	4	4	6	4	1	1	1	1	1	1
ARG66A	8	7	18	12	49654	47535.2189862608	7	7	16	9	26234	24115.2189862608	4	4	5	4
ASP273A	2	2	7	6	1078	137.708755918727	2	2	6	6	1078	137.708755918727	2	2	3	3
ASP272A	2	1	7	1	1078	1	2	1	6	0	1078	1	2	1	3	0
ASN726A	6	4	20	9	23413	1	4	2	9	2	1	1	1	1	1	1
ASP276A	5	4	18	12	60514	18544.4144928617	4	4	16	14	60514	18544.4144928617	4	4	7	7
LEU727A	6	3	17	5	3832	3822	5	3	16	2	1	1	1	1	1	1
ALA68A	4	3	10	5	701	522.255643622963	2	2	3	3	1	1	1	1	1	1
ARG69A	4	1	9	1	1076	1	2	1	3	0	1	1	1	1	1	1
ARG71A	5	3	12	6	1	1	2	2	3	1	171260	1	2	1	1	0
THR73A	4	4	6	4	1	1	1	1	1	1	1078	439.291073531609	2	2	1	1
GLU722A	5	3	14	5	178180	30818.8282054074	3	3	6	5	1	1	1	1	1	1
ARG74A	5	4	11	6	172067	142138.769126269	3	3	5	3	1	1	1	1	1	1
ARG75A	5	4	12	4	37982	37982	3	3	8	1	171260	171260	2	2	1	0
LYS76A	3	2	2	1	5	1	2	1	1	0	8	2.1354136879138	3	2	2	1
TYR72A	2	2	2	1	1	1	1	1	1	1	4	2.8645863120862	2	2	2	1
ASN77A	2	2	3	3	1	1	1	1	1	1	1078	639.708926468391	2	2	1	1
ARG78A	5	5	9	7	239137	205093.168665116	4	4	9	4	1	1	1	1	1	1
LYS163A	4	1	10	1	1078	1	4	1	10	0	1	1	1	1	1	1
PHE164A	6	2	15	1	74976	131	6	2	17	0	1	1	1	1	1	1
ASN504A	3	3	2	2	5	5	2	2	1	0	5	5	2	2	2	1
ARG165A	5	4	9	6	110511	63006.6570279709	4	4	9	6	1	1	1	1	1	1
ILE162A	4	2	10	4	324244	80903.5	4	2	10	3	1	1	1	1	1	1
GLN83A	5	5	13	8	250408	158063.115784279	4	4	14	9	1	1	1	1	1	1
ILE79A	4	2	12	6	884	585.200914705702	3	2	8	2	1	1	1	1	1	1
TYR155A	8	3	17	5	281656	61559.2868811135	7	3	19	4	1	1	1	1	1	1
ALA159A	7	7	22	15	3077	930.994051575741	3	3	6	4	1	1	1	1	1	1
CYS80A	2	2	2	1	1	1	1	1	1	1	1	1	1	1	1	1
TYR81A	3	1	3	1	2153	1	2	1	3	0	1	1	1	1	1	1
ILE443A	4	4	8	6	9214	8249	4	4	8	5	1	1	1	1	1	1
LEU82A	6	5	18	8	309285	222620.305033719	5	4	14	5	1	1	1	1	1	1
PHE86A	7	3	21	7	16029	975.855238179811	6	3	20	6	1	1	1	1	1	1
PHE98A	6	5	17	10	20640	10321.9988453092	6	5	21	11	1	1	1	1	1	1
LYS506A	5	4	14	9	194694	104494.413219614	4	4	12	9	1	1	1	1	1	1
ASN436A	5	4	10	7	34	34	2	2	3	2	1	1	1	1	1	1
ILE85A	4	3	9	5	2874	1876	4	3	7	4	1	1	1	1	1	1
ILE440A	5	3	12	7	1112	5	4	2	11	4	1	1	1	1	1	1
PHE432A	6	4	16	8	24388	16830.2647073457	3	3	12	7	1	1	1	1	1	1
LEU158A	6	5	21	8	6262	3499.64476182019	4	4	13	9	1	1	1	1	1	1
LEU151A	8	6	20	8	29316	17494.4626235313	8	6	25	10	1	1	1	1	1	1
LEU433A	5	5	16	10	112	112	4	4	18	10	1	1	1	1	1	1
ALA91A	5	5	7	6	1	1	1	1	1	1	1	1	1	1	1	1
SER87A	2	1	4	1	1	1	1	1	1	1	1	1	1	1	1	1
ASN88A	2	1	4	1	1	1	1	1	1	1	1	1	1	1	1	1
GLU89A	4	1	12	1	2145	1	2	1	7	0	1	1	1	1	1	1
VAL93A	7	7	16	12	3272	2504.18993868363	5	5	18	13	1	1	1	1	1	1
MET90A	6	5	18	12	18793	9194.34209923612	5	5	21	15	1	1	1	1	1	1
PHE97A	5	3	19	7	18235	17171	4	3	16	6	1	1	1	1	1	1
ARG152A	7	5	19	9	7000	1708.30822280021	7	5	21	9	1	1	2	2	2	0
LYS92A	4	2	10	1	1	1	1	1	1	1	1	1	1	1	1	1
ASP94A	4	3	12	5	1102	1	3	2	10	4	1	1	1	1	1	1
ASP150A	5	4	17	12	1078	138.50183851616	4	4	17	13	1	1	1	1	1	1
ASP95A	4	2	13	7	1052	1052	3	2	10	6	1052	1052	2	2	3	2
SER96A	5	4	18	11	1078	550.518965717055	4	4	14	11	1078	550.518965717055	3	3	4	2
TRP659A	10	7	23	14	125739	87901.9256074796	8	7	24	16	91917	57902.8528364798	4	3	5	3
ARG100A	7	6	21	14	51693	27625.0376723112	5	4	18	8	36715	12647.0376723112	4	3	5	1
THR624A	8	7	22	17	1076	713.594928424392	6	5	21	13	2	1	2	1	2	0
HIS99A	5	3	16	10	181952	32415.6281978032	5	3	16	10	105257	32415.6281978032	3	2	5	2
LEU625A	5	4	13	9	32030	32030	3	3	8	5	32030	32030	3	3	5	3
VAL507A	6	6	15	11	52934	49922.8749414772	5	5	13	8	52934	49922.8749414772	4	4	5	3
GLY120A	8	8	19	13	28889	15009.2376502499	6	6	15	11	16467	7506.96232768877	2	2	3	2
ILE118A	7	3	17	3	33888	16420	7	3	18	1	16428	16420	4	3	5	1
PHE119A	7	2	22	1	7042	1	6	2	21	0	3687	1	3	1	4	0
LEU101A	3	3	12	5	5604	5604	3	3	12	4	1	1	1	1	1	1
GLU102A	2	2	3	2	1078	1078	2	2	2	1	1	1	1	1	1	1
HIS116A	4	2	5	2	1080	3	3	2	3	1	2153	3	3	2	2	0
ARG115A	3	2	6	4	1078	1076	3	2	4	1	3	1	2	1	2	0
PRO117A	5	4	12	4	8742	1470.80073505372	4	3	9	3	2151	2151	2	2	2	1
GLU125A	5	5	14	7	9214	9214	4	4	14	5	9	9	2	2	3	2
PHE626A	5	3	13	5	1078	84.1992649462802	4	3	11	3	1	1	1	1	1	1
ARG635A	5	3	13	7	9271	1375	4	2	8	2	1	1	1	1	1	1
LEU156A	6	3	19	3	747	358	4	3	13	2	358	358	2	2	3	0
TYR128A	6	1	16	1	36752	1	5	1	18	0	36752	1	4	1	6	0
HIS129A	5	4	11	5	1076	1	3	2	8	2	1	1	2	2	3	2
MET631A	6	5	15	9	13795	9081	5	5	15	8	1	1	1	1	1	1
ASN121A	4	2	10	1	2131	1211.92822900577	3	2	4	1	1	1	1	1	1	1
GLU627A	3	3	10	9	1078	206.724677438886	2	2	5	5	1	1	1	1	1	1
ASP628A	4	2	11	2	1078	4	4	2	11	1	1	1	1	1	1	1
ASP124A	4	2	6	1	2128	917.071770994234	2	2	2	1	1	1	1	1	1	1
ILE122A	4	2	6	1	5389	910.399847234097	3	2	5	1	1	1	1	1	1	1
VAL126A	3	3	5	4	1	1	1	1	1	1	1	1	1	1	1	1
GLU630A	2	2	3	1	1078	168.600152765903	2	2	2	1	1	1	1	1	1	1
ALA127A	4	4	5	4	1	1	1	1	1	1	1	1	1	1	1	1
VAL123A	3	2	5	2	1	1	1	1	1	1	1	1	1	1	1	1
LEU153A	5	3	17	3	40650	19976	5	3	16	2	19976	19976	3	3	6	1
LYS131A	3	1	9	1	1078	1	3	1	7	0	1	1	1	1	1	1
PRO133A	6	5	15	10	24090	15922.9731700867	4	3	9	4	23239	15071.9731700867	4	3	8	5
TYR132A	6	3	12	1	23874	1176.46760250353	5	3	10	1	23648	950.467602503527	4	2	4	1
LEU138A	6	6	17	10	41915	41915	4	4	11	6	22571	22571	2	2	3	1
LYS141A	2	2	5	2	1078	128.532397496473	2	2	4	2	1078	128.532397496473	2	2	3	1
THR134A	7	7	17	10	51974	26311.0044229167	6	6	18	8	31030	17554.7403435328	4	4	9	6
TYR325A	6	2	11	5	6934	1	4	2	12	2	6934	1	4	2	8	2
HIS137A	5	5	13	11	48984	23703.4773065278	5	5	14	11	25417	10346.0268299133	3	3	6	3
GLN402A	5	4	17	8	84580	26839.0529678471	4	4	14	8	84580	26839.0529678471	4	4	7	6
ILE135A	4	2	13	5	3253	1	3	1	9	0	1	1	1	1	1	1
TYR136A	8	1	25	1	67150	1	7	1	22	0	1	1	2	1	3	0
HIS160A	6	5	20	8	73500	55000.5	5	5	18	6	1	1	1	1	1	1
ILE322A	5	5	14	8	4934	3764.28544400157	4	4	12	4	1	1	1	1	1	1
ARG139A	8	7	26	9	83306	59416.9599523096	6	6	21	15	1	1	1	1	1	1
SER318A	7	4	22	8	3778	2970.9030300824	5	4	22	9	1	1	1	1	1	1
MET321A	6	5	14	7	123585	91051.5750976602	4	4	12	5	95179	59391.028420996	4	4	7	6
LEU142A	8	6	25	12	5785	5361	6	5	18	9	1	1	1	1	1	1
VAL143A	10	9	28	21	5764	4688.33028571149	7	6	25	13	1	1	1	1	1	1
MET161A	6	5	20	14	38240	13727.5298086954	6	5	21	15	1	1	1	1	1	1
HIS415A	4	4	15	9	1152	871.345274990525	4	4	14	9	1	1	1	1	1	1
LYS140A	4	2	9	3	1876	1	3	1	6	0	1	1	1	1	1	1
ASP144A	5	4	15	8	1565	560	3	2	9	0	1	1	1	1	1	1
ALA319A	6	6	12	11	400	400	4	4	13	5	1	1	1	1	1	1
ILE422A	5	4	18	11	2608	1423	5	4	18	10	1	1	1	1	1	1
ILE154A	7	3	22	7	7667	3940.86547751121	5	3	22	8	1	1	1	1	1	1
ALA157A	5	5	15	11	901	451	3	3	9	7	1	1	1	1	1	1
ALA149A	7	6	19	13	12200	2256.83024030826	5	4	22	12	1	1	1	1	1	1
ARG425A	5	5	15	14	1096	1092	5	5	11	7	1	1	1	1	1	1
ALA315A	7	6	19	12	3582	1753.68458335306	7	6	25	14	1	1	1	1	1	1
LYS314A	6	1	15	1	2618	1	6	1	19	0	1	1	1	1	1	1
ALA421A	5	5	19	16	1045	523	2	2	6	5	1	1	1	1	1	1
GLU418A	8	5	24	12	16840	2498.72616611008	6	5	25	15	1	1	1	1	1	1
SER145A	4	3	8	3	83	1	2	1	4	0	1	1	1	1	1	1
THR146A	5	4	8	5	10	5	3	2	7	4	1	1	1	1	1	1
ASP147A	4	1	10	1	3291	1	2	1	7	0	1	1	1	1	1	1
PHE429A	4	3	10	4	1078	3	4	3	11	1	1	1	1	1	1	1
GLN426A	8	7	17	9	12168	9042.80428218053	8	7	23	9	1	1	1	1	1	1
LYS148A	4	1	11	1	1078	1	3	1	10	0	1	1	1	1	1	1
TYR430A	7	3	18	10	21956	12396.1158395713	7	3	26	8	1	1	1	1	1	1
LEU423A	5	5	12	8	2410	1566.46670841552	5	5	11	6	1	1	1	1	1	1
LEU419A	7	5	17	8	3172	2021	5	4	15	6	1	1	1	1	1	1
LEU444A	5	4	11	8	39971	18394	4	3	11	5	1	1	1	1	1	1
GLY166A	4	4	13	10	52573	52573	3	3	11	7	50216	50216	2	2	5	4
PHE168A	4	2	9	3	24252	5262.17430691291	4	2	10	3	1	1	2	1	5	0
HIS167A	7	6	13	6	174832	94064.245941298	7	6	15	7	88555	24989.242124547	6	5	8	4
ILE410A	8	3	20	4	42507	28015.616587034	6	3	18	5	32946	25904.616587034	4	2	9	2
LEU169A	3	3	8	6	1078	633.263649769084	3	3	9	6	1078	633.263649769084	3	3	6	4
PRO411A	4	3	15	7	40279	13157.494225684	3	2	10	5	37701	13157.494225684	2	2	5	4
ASP298A	4	3	12	6	86278	17202.9961832489	2	2	6	5	1	1	1	1	1	1
HIS412A	3	3	7	5	11606	11606	2	2	3	1	1	1	1	1	1	1
LYS294A	5	3	9	3	37434	595	4	2	9	0	439	1	2	1	2	0
GLN413A	6	5	11	8	14802	6972.5	5	4	9	4	1	1	1	1	1	1
ILE170A	3	2	7	1	4522	758.080973752179	3	2	8	1	1741	758.080973752179	2	2	3	1
ASN178A	5	2	9	1	2526	983.919026247821	5	2	10	1	1807	983.919026247821	4	2	5	1
GLU171A	2	1	4	1	1078	1	2	1	2	0	1	1	1	1	1	1
GLY172A	5	5	9	8	4303	2690.5	3	3	5	3	1	1	1	1	1	1
ASP173A	2	1	4	1	1	1	1	1	1	1	1	1	1	1	1	1
LEU174A	6	5	15	9	9295	7789.5	4	4	11	7	3078	1572.5	3	3	5	3
LEU302A	5	5	9	7	5380	3229	4	4	7	6	4303	2152	3	3	4	4
ASN175A	4	2	9	2	2401	1	3	2	5	1	2401	1	3	2	4	1
PRO176A	3	3	4	3	2401	2401	2	2	2	1	2401	2401	2	2	2	1
ASP177A	3	2	3	1	1327	148.0191872326	2	2	2	1	1	1	1	1	1	1
LYS183A	3	2	4	1	2518	1179.9808127674	3	2	4	1	1	1	1	1	1	1
LEU184A	4	4	10	6	1696	1696	4	4	7	2	1	1	1	1	1	1
SER179A	2	1	4	1	1078	1	2	1	3	0	1	1	1	1	1	1
ASP180A	4	4	9	8	3424	3424	4	4	10	7	1	1	1	1	1	1
VAL181A	8	7	21	13	103216	88389.5699578212	7	6	18	9	1	1	1	1	1	1
ASP182A	4	2	11	1	24	7	3	2	5	0	1	1	1	1	1	1
LYS209A	5	1	11	1	2853	1	3	1	8	0	1	1	1	1	1	1
LEU212A	7	5	21	13	53467	13762.4300421788	6	4	20	12	1	1	1	1	1	1
LEU296A	7	5	21	12	8442	5461.43930619023	5	5	16	11	1	1	1	1	1	1
ALA299A	6	5	17	10	47882	1	3	2	9	3	1	1	1	1	1	1
ILE300A	4	3	15	8	1197	1	3	2	11	3	1	1	1	1	1	1
ASN295A	4	2	12	5	977	1	2	1	3	0	1	1	1	1	1	1
PHE185A	5	2	18	4	52432	1	4	1	12	0	1	1	1	1	1	1
VAL189A	5	5	13	4	51183	51142.728695995	3	3	10	4	1	1	1	1	1	1
ALA208A	5	4	17	6	59651	52985	4	3	13	1	9158	2492	3	2	5	1
PHE238A	9	3	31	5	4044	41.2713040049832	6	3	18	2	1	1	1	1	1	1
GLN187A	2	1	5	1	1	1	1	1	1	1	1	1	1	1	1	1
THR191A	6	5	12	9	1	1	2	2	2	2	1	1	1	1	1	1
LEU188A	7	6	24	16	14505	7151.38299839566	6	6	15	11	1	1	1	1	1	1
ALA292A	7	7	20	16	6193	3767.61700160434	3	3	6	6	1	1	1	1	1	1
LEU289A	7	4	21	8	56648	38425.5378494091	6	4	18	7	1	1	1	1	1	1
ALA293A	4	3	16	7	1139	1	2	1	5	0	1	1	1	1	1	1
ILE242A	9	4	31	9	4251	1388.85743781929	4	3	13	8	1	1	1	1	1	1
GLN190A	2	1	4	1	1	1	1	1	1	1	1	1	1	1	1	1
ILE201A	6	3	16	3	148350	29074	6	3	15	2	1	1	1	1	1	1
LEU195A	4	4	9	8	1077	1077	3	3	7	3	1	1	1	1	1	1
TYR192A	5	1	16	1	56464	1	4	1	16	0	1	1	1	1	1	1
LEU237A	8	6	20	6	7998	5158.43586007847	7	6	21	9	1	1	1	1	1	1
ASN193A	3	3	7	5	124750	124750	3	3	6	2	1	1	1	1	1	1
PRO200A	4	3	5	3	61989	1	2	1	2	0	1	1	1	1	1	1
GLN285A	4	2	9	1	4	1	3	1	7	0	1	1	1	1	1	1
PHE196A	2	2	7	5	1078	363.208060748077	2	2	6	5	1	1	1	1	1	1
GLU198A	4	2	13	4	58434	28967.2896836301	3	2	11	3	58434	28967.2896836301	3	2	2	1
ARG783A	8	5	25	10	30344	30130	7	5	26	9	14995	14995	2	2	2	1
TYR812A	7	5	18	9	50957	14621.0500480316	6	4	18	8	43440	14473.7103163699	2	2	2	1
ASN199A	3	2	4	2	2153	2153	2	2	1	0	2153	2153	2	2	1	0
GLU779A	3	2	2	1	2153	1	2	1	1	0	2153	1	2	1	1	0
LEU229A	5	4	17	6	8857	8857	4	4	14	4	1	1	1	1	1	1
ALA203A	5	3	7	2	3226	1078	4	2	9	0	1	1	1	1	1	1
ASN202A	2	1	4	1	1078	1	2	1	3	0	1	1	1	1	1	1
SER204A	4	3	8	6	1078	672.08704812635	3	2	8	5	1	1	1	1	1	1
VAL206A	7	6	14	9	11844	11172.9129518736	6	6	17	5	8495	8495	3	3	3	1
GLY205A	5	5	10	9	4	4	4	4	10	3	1	1	1	1	1	1
ASP207A	6	2	14	3	4270	913.682249241358	6	2	16	1	4143	913.682249241358	4	2	4	1
GLN228A	6	2	16	4	6159	1	5	1	12	0	1829	1	2	1	2	0
ILE211A	5	3	13	3	1160	244	4	3	12	1	54	54	2	2	3	1
ALA210A	5	4	13	3	2855	686.317750758643	3	2	7	1	1599	686.317750758643	2	2	3	1
SER213A	3	2	6	1	24	1	2	1	2	0	1	1	1	1	1	1
ALA214A	5	5	6	5	1280	1280	3	3	3	1	207	207	2	2	1	0
LEU225A	4	4	15	8	4992	3485.64256218071	4	4	11	7	1	1	1	1	1	1
ARG221A	5	4	16	8	3225	3175	4	3	12	3	1	1	1	1	1	1
LEU246A	9	6	25	16	2304	752.5	7	5	27	11	1	1	1	1	1	1
ARG215A	3	2	5	2	902	451.5	2	2	1	1	207	1	2	1	1	0
LEU216A	3	2	7	4	1086	1	2	1	3	0	1	1	1	1	1	1
ARG395A	3	3	4	3	902	451.5	2	2	1	1	1	1	1	1	1	1
LYS218A	7	3	17	6	8057	1725.93338008546	6	3	22	7	1	1	1	1	1	1
SER217A	3	3	6	3	3230	3230	3	3	6	2	1	1	1	1	1	1
SER219A	2	1	2	1	1078	1	2	1	2	0	1	1	1	1	1	1
LEU248A	8	4	23	11	6408	4315.88569474028	6	4	24	9	1	1	1	1	1	1
GLY247A	6	6	20	12	7564	5422.11625475514	6	6	26	14	1	1	1	1	1	1
ARG220A	3	2	3	1	3169	2315.43286166268	2	2	1	1	3169	2315.43286166268	2	2	1	1
ASN224A	3	2	5	2	1	1	1	1	1	1	1	1	1	1	1	1
ASN394A	3	2	5	1	3169	854.567138337324	2	2	1	1	3169	854.567138337324	2	2	1	1
LEU222A	7	6	26	17	1352	620.5	6	5	21	12	1	1	1	1	1	1
ILE226A	6	5	15	11	8697	5421.5	4	4	7	4	1	1	1	1	1	1
GLY239A	10	10	30	22	6667	3305.57207105389	5	5	15	12	1	1	1	1	1	1
ALA243A	8	8	30	25	12593	4703.60870347512	4	4	14	11	1	1	1	1	1	1
ALA227A	5	5	10	6	1	1	1	1	1	1	1	1	1	1	1	1
GLU223A	2	1	4	1	1	1	1	1	1	1	1	1	1	1	1	1
LYS233A	3	1	10	1	1069	1	2	1	3	0	1	1	1	1	1	1
LYS234A	3	1	12	1	1078	1	3	1	7	0	1	1	1	1	1	1
PRO230A	4	3	9	5	1213	1213	2	2	4	0	1	1	1	1	1	1
GLY231A	3	3	3	3	1078	1078	2	2	1	0	1	1	1	1	1	1
GLU232A	2	1	2	1	1078	1	2	1	1	0	1	1	1	1	1	1
GLY236A	8	8	25	19	5350	4750.99183496432	6	6	25	17	1	1	1	1	1	1
ASN235A	4	1	13	1	639	1	3	1	10	0	1	1	1	1	1	1
ASN255A	6	4	17	11	3425	2437.76675837809	5	4	19	10	1	1	1	1	1	1
ASN240A	9	4	22	5	7791	592	7	4	20	4	1	1	1	1	1	1
LEU241A	6	5	30	10	58101	46801.4621505909	3	3	12	4	1	1	1	1	1	1
PHE256A	4	3	16	7	1078	294.471442732449	4	3	15	7	1	1	1	1	1	1
PRO250A	7	7	25	21	32915	25903.6051990251	5	5	24	17	1	1	1	1	1	1
PHE252A	4	3	19	5	1078	677	4	3	21	4	1	1	1	1	1	1
ASN251A	3	2	10	3	1078	487	3	2	7	0	1	1	1	1	1	1
PHE290A	9	2	24	5	138164	17667.7004766152	8	2	29	4	1	1	1	1	1	1
SER245A	5	4	20	11	1045	248.56069380977	3	2	7	4	1	1	1	1	1	1
LEU244A	9	7	27	17	37900	17564.2009465515	8	7	37	19	1	1	1	1	1	1
LEU266A	6	6	18	13	78932	72667.5057330967	6	6	23	15	1	1	1	1	1	1
LEU264A	10	7	23	12	84667	73434	9	6	34	11	1	1	1	1	1	1
GLN265A	5	3	12	5	2160	293.114433759473	4	2	12	3	1	1	1	1	1	1
TYR271A	5	4	19	11	54064	2841.69372311133	5	4	27	12	1	1	1	1	1	1
SER297A	4	3	13	7	1088	1088	4	3	13	4	1	1	1	1	1	1
ASP406A	6	4	16	11	3230	209.574513246306	5	3	17	9	1	1	1	1	1	1
ASN407A	8	4	21	13	14462	2590.3758519131	7	4	27	14	1	1	1	1	1	1
THR249A	6	5	20	12	1645	1352.88556624053	4	4	12	6	1	1	1	1	1	1
LYS263A	5	2	16	2	10	1	2	1	3	0	1	1	1	1	1	1
LEU258A	8	7	13	11	6435	4881.50855702169	6	6	13	9	1	1	1	1	1	1
LYS253A	2	1	7	1	1078	1	2	1	5	0	1	1	1	1	1	1
SER254A	2	2	5	4	1	1	1	1	1	1	1	1	1	1	1	1
ILE282A	6	4	17	6	69268	2875.0539720447	5	3	17	2	1	1	1	1	1	1
ALA259A	2	2	7	7	1	1	1	1	1	1	1	1	1	1	1	1
ALA262A	5	5	14	11	654	327.5	2	2	4	4	1	1	1	1	1	1
LEU278A	6	6	23	14	69132	50004.7995233848	5	5	21	12	1	1	1	1	1	1
GLN281A	3	2	12	6	1078	420.491442978315	2	2	5	5	1	1	1	1	1	1
ASP261A	4	3	8	4	487	1	2	1	2	0	1	1	1	1	1	1
ASP274A	4	3	12	5	6348	1038	3	2	11	1	1	1	1	1	1	1
SER267A	3	3	5	3	1	1	1	1	1	1	1	1	1	1	1	1
LYS268A	3	2	4	3	1077	242.472999549572	2	2	2	2	1	1	1	1	1	1
THR270A	4	4	4	2	2154	1619.15827879169	3	3	2	2	1	1	1	1	1	1
ASP269A	2	2	3	3	1078	294.368721658737	2	2	2	2	1	1	1	1	1	1
LEU275A	2	2	8	2	1078	1078	2	2	7	1	1	1	1	1	1	1
ALA280A	7	7	14	12	933	931	3	3	6	4	933	931	3	3	3	2
GLY729A	8	8	24	15	31026	14097.8705023658	6	6	25	16	31026	14097.8705023658	4	4	9	8
ASN277A	2	1	6	1	1	1	1	1	1	1	1	1	1	1	1	1
LEU279A	7	5	19	11	3822	2576.99281345122	6	5	20	9	2286	1336.08102604611	3	3	5	4
GLY283A	6	6	16	9	130230	130230	6	6	21	9	1	1	1	1	1	1
ALA287A	5	4	16	6	1186	633.088212594888	4	4	15	7	1	1	1	1	1	1
ALA728A	6	4	22	12	6982	3485.5	4	2	10	2	6970	3485.5	3	2	4	2
TYR286A	6	1	15	1	4164	1	5	1	17	0	1	1	1	1	1	1
SER730A	6	3	21	6	26366	17911.209616992	5	3	16	6	9642	2052.20961699202	3	2	6	3
PRO731A	4	4	11	9	870	868	3	3	6	4	5	3	2	2	2	2
ASP284A	7	4	23	9	141318	30352.2675620447	7	4	27	10	76220	30352.2675620447	5	4	8	5
ARG925A	7	3	22	5	16819	12113	5	3	17	5	13416	12113	3	2	6	3
LEU291A	7	5	18	8	7729	4244.5	3	3	5	1	7729	4244.5	3	3	4	1
ASP288A	5	3	17	3	1367	1367	3	3	6	2	1367	1367	3	3	4	1
GLN926A	4	1	10	1	823	1	3	1	4	0	823	1	3	1	4	0
SER409A	4	2	11	3	1580	1	3	1	5	0	255	255	2	2	3	1
LEU301A	2	2	5	4	1078	1078	2	2	4	2	1	1	1	1	1	1
ILE305A	4	3	6	6	897	449	2	2	3	3	897	449	2	2	2	2
ILE414A	4	4	12	7	5424	4330.5	4	4	9	6	2188	1094.5	3	3	3	3
ASP304A	2	1	1	1	1	1	1	1	1	1	1	1	1	1	1	1
SER303A	2	2	1	1	1	1	1	1	1	1	1	1	1	1	1	1
LEU306A	2	2	3	3	1	1	1	1	1	1	1	1	1	1	1	1
PRO316A	5	4	13	8	2442	2123.52089874741	3	3	11	5	1	1	1	1	1	1
LEU317A	7	4	19	6	4509	2255	5	4	16	7	1	1	2	2	3	2
SER320A	3	3	9	7	1	1	1	1	1	1	1	1	1	1	1	1
PHE405A	4	3	15	5	64600	25959.0150039259	4	3	12	5	64600	25959.0150039259	4	3	7	4
ARG324A	5	5	12	9	7463	6115.54569235762	4	4	6	3	4966	3255.5466766642	2	2	3	3
ARG400A	6	3	10	5	2813	1195.32067082995	4	2	8	2	1	1	1	1	1	1
LYS401A	4	2	10	2	62245	47439.3904891487	3	2	7	2	1	1	1	1	1	1
THR404A	4	4	9	6	5686	1348.45430764238	2	2	3	3	1	1	1	1	1	1
HIS329A	3	2	8	2	1	1	1	1	1	1	1	1	1	1	1	1
ASP326A	2	2	5	2	1	1	1	1	1	1	1	1	1	1	1	1
GLU327A	3	2	3	2	2153	2153	2	2	2	1	1	1	1	1	1	1
LYS392A	4	2	6	2	5411	2453.32945894634	3	2	4	2	1	1	1	1	1	1
HIS328A	4	4	14	8	1300	563.848182485735	4	4	13	7	1	1	1	1	1	1
LEU399A	7	6	18	11	8948	746.86370323454	6	5	18	9	1	1	1	1	1	1
TYR359A	8	4	21	6	5124	392.165578119538	6	3	21	5	1	1	1	1	1	1
THR333A	5	4	7	3	1	1	1	1	1	1	1	1	1	1	1	1
GLN330A	2	1	4	1	1	1	1	1	1	1	1	1	1	1	1	1
ASP331A	4	3	10	3	7576	3752.2775782289	4	3	10	4	1	1	1	1	1	1
LEU389A	5	5	13	7	1568	799.337943388173	5	5	10	7	1	1	1	1	1	1
LEU398A	6	4	17	7	5410	1721.89296282476	5	4	11	7	1	1	1	1	1	1
LEU332A	5	4	17	6	6991	6621.8192404589	4	3	15	4	1	1	1	1	1	1
LYS336A	5	1	12	1	126	1	3	1	8	0	1	1	1	1	1	1
PHE351A	7	4	21	5	4614	866.488378489452	6	3	17	2	1	1	1	1	1	1
ALA337A	4	4	10	5	1	1	1	1	1	1	1	1	1	1	1	1
LEU334A	5	2	12	4	376	243.162056611827	2	2	4	4	1	1	1	1	1	1
LEU338A	5	4	13	7	1056	66.5	3	2	7	4	1	1	1	1	1	1
LEU335A	4	3	14	5	1962	979.011621510548	3	3	8	4	1	1	1	1	1	1
VAL339A	8	8	17	11	25810	15038.2391760655	6	6	19	10	1	1	1	1	1	1
LEU380A	5	4	11	6	7897	866	4	3	7	5	1	1	1	1	1	1
TYR347A	4	2	11	1	3230	1	4	2	9	0	1	1	1	1	1	1
MET383A	4	4	13	12	13344	8791.22924821054	4	4	11	8	1	1	1	1	1	1
GLN342A	6	4	13	7	9632	3932.53157572401	5	3	13	5	1	1	1	1	1	1
ARG340A	4	2	11	2	1078	1078	3	2	6	1	1	1	1	1	1	1
LEU343A	6	3	12	4	5376	60.9648383795658	6	3	14	3	1	1	1	1	1	1
ILE350A	6	4	18	8	27757	16242.7476643364	4	3	13	6	1	1	1	1	1	1
PRO344A	5	5	10	8	1077	1077	4	4	11	5	1	1	1	1	1	1
GLY385A	4	4	8	6	5288	3168.5	3	3	6	3	1	1	1	1	1	1
GLU345A	3	3	7	5	1077	1077	2	2	5	2	1	1	1	1	1	1
LYS346A	3	2	8	2	19	6.03516162043417	2	2	5	2	1	1	1	1	1	1
GLU349A	2	2	4	1	1078	345.178310319876	2	2	3	1	1	1	1	1	1	1
LYS356A	5	2	10	1	7274	733.821689680124	4	2	10	1	1	1	1	1	1	1
GLY358A	9	9	25	22	60561	60561	8	8	27	17	1	1	1	1	1	1
ILE379A	4	3	10	3	14912	5092.75233566364	2	2	3	2	1	1	1	1	1	1
ALA360A	8	6	23	10	1642	1642	6	5	20	5	1	1	1	1	1	1
PHE352A	2	1	7	1	1078	1	2	1	5	0	1	1	1	1	1	1
ASP353A	4	3	10	3	3230	2381.04373446219	4	3	9	2	1	1	1	1	1	1
SER355A	3	3	6	3	1078	723.956265537807	2	2	3	2	1	1	1	1	1	1
GLN354A	5	2	15	2	1130	28	5	2	16	0	1	1	1	1	1	1
GLY361A	9	8	24	15	6403	5816.72050288816	7	6	21	7	1	1	1	1	1	1
GLY365A	5	5	11	9	1094	528.490006388576	4	4	12	6	1	1	1	1	1	1
ASP364A	4	2	8	3	38	1	3	1	7	0	1	1	1	1	1	1
ASN357A	3	2	10	3	51	51	2	2	3	2	1	1	1	1	1	1
GLU371A	4	3	7	5	3230	2935.86843865968	4	3	5	3	1	1	1	1	1	1
PHE372A	5	4	17	8	8132	16.303295701291	4	3	17	6	1	1	1	1	1	1
PHE375A	4	2	13	2	21270	1	2	1	7	0	1	1	1	1	1	1
TYR362A	7	3	22	6	103500	20798.6095108512	5	3	17	5	1	1	1	1	1	1
ILE363A	4	3	12	5	1	1	1	1	1	1	1	1	1	1	1	1
ALA367A	6	5	15	10	6347	4207.78949072326	4	3	13	7	1	1	1	1	1	1
GLY366A	4	3	12	6	1	1	2	1	6	0	1	1	1	1	1	1
SER368A	3	2	7	2	1078	245.131561340317	2	2	3	2	1	1	1	1	1	1
GLN369A	4	4	9	4	3858	2663.67932917005	3	3	5	1	1	1	1	1	1	1
TYR373A	5	4	11	6	1116	255	4	3	9	3	1	1	1	1	1	1
GLU396A	3	1	6	1	1078	1	3	1	5	0	1	1	1	1	1	1
ILE376A	6	4	15	5	56	28.5	2	2	4	3	1	1	1	1	1	1
LEU393A	5	5	9	7	3959	3336.5	4	4	7	4	1	1	1	1	1	1
LYS374A	2	1	5	1	1	1	1	1	1	1	1	1	1	1	1	1
PRO378A	6	6	11	7	1	1	1	1	1	1	1	1	1	1	1	1
LYS377A	4	1	11	1	1853	1	2	1	3	0	1	1	1	1	1	1
LEU390A	4	4	7	5	7285	7285	3	3	5	2	1	1	1	1	1	1
GLU381A	3	1	4	1	1170	1	3	1	4	0	1	1	1	1	1	1
ASP384A	3	2	4	1	1100	52	3	2	4	0	1	1	1	1	1	1
THR386A	4	4	5	5	1086	1086	3	3	2	0	1	1	1	1	1	1
GLU387A	4	3	7	5	9	1	2	1	2	0	1	1	1	1	1	1
GLU388A	2	1	3	1	1078	1	2	1	2	0	1	1	1	1	1	1
VAL391A	4	4	6	4	1	1	1	1	1	1	1	1	1	1	1	1
ASP397A	2	2	5	3	1	1	1	1	1	1	1	1	1	1	1	1
ARG403A	4	3	7	5	1	1	1	1	1	1	1	1	1	1	1	1
GLY408A	3	3	9	5	2290	2290	3	3	8	3	1	1	1	1	1	1
GLY417A	6	6	15	14	1	1	1	1	1	1	1	1	1	1	1	1
LEU416A	5	4	13	8	1	1	2	2	4	2	1	1	1	1	1	1
HIS420A	6	3	11	3	4197	3282.76282327335	2	2	4	2	1	1	1	1	1	1
GLU441A	6	4	13	6	5162	948.270468311129	5	3	10	5	1	1	1	1	1	1
ARG424A	3	2	5	2	1078	1	2	1	1	0	1	1	1	1	1	1
ARG437A	4	2	9	2	670	1	2	1	4	0	1	1	1	1	1	1
GLU427A	2	2	2	2	1078	1078	2	2	1	0	1	1	1	1	1	1
ASP428A	2	1	2	1	1078	1	2	1	1	0	1	1	1	1	1	1
LYS434A	3	2	3	1	1078	1078	2	2	1	0	1	1	1	1	1	1
PRO431A	4	3	8	5	1077	1077	2	2	6	2	1	1	1	1	1	1
ASP435A	3	2	5	3	1	1	1	1	1	1	1	1	1	1	1	1
LYS442A	2	1	3	1	1	1	1	1	1	1	1	1	1	1	1	1
THR445A	4	3	4	1	1078	1078	2	2	1	0	1	1	1	1	1	1
PHE446A	2	1	3	1	1078	1	2	1	1	0	1	1	1	1	1	1
GLU505A	2	2	2	2	1	1	1	1	1	1	1	1	1	1	1	1
GLY660A	7	7	18	12	39215	35560.1250585228	5	5	12	7	6667	3012.12505852275	2	2	3	3
ARG661A	5	1	13	1	807	1	3	1	6	0	807	1	2	1	3	0
LEU662A	5	4	16	4	90075	32937.2884164249	4	3	13	3	90075	32937.2884164249	4	3	7	3
LEU508A	6	4	19	7	39948	19516	5	3	17	4	19516	19516	2	2	3	2
PRO509A	6	5	17	12	27062	17217.1916241377	5	4	18	10	1	1	1	1	1	1
ARG664A	4	3	9	5	38262	18747	4	3	9	3	38262	18747	4	3	4	1
GLU617A	4	3	9	4	3130	1048	4	3	10	3	3130	1048	3	2	5	0
LEU621A	5	4	16	9	2588	640.140676438032	3	3	11	9	1	1	1	1	1	1
SER512A	5	3	14	6	23410	9291	5	3	16	5	9291	9291	3	3	5	2
GLY658A	5	5	13	11	991	991	3	3	7	4	1	1	1	1	1	1
LYS510A	3	1	8	1	1078	1	3	1	6	0	1	1	1	1	1	1
HIS511A	3	1	10	1	1078	1	3	1	7	0	118	1	2	1	3	0
THR593A	6	5	18	10	1207	910.653850526638	4	4	11	6	1207	910.653850526638	4	4	4	3
VAL620A	8	7	21	15	3040	3014	5	5	14	7	53	27	2	2	3	3
LEU513A	6	5	13	7	22316	11302.7282905852	6	5	13	7	12363	1893.22829058517	4	3	4	2
LEU514A	4	2	10	4	1244	85.5	4	2	12	4	1075	1	3	1	4	0
LEU597A	4	3	7	6	1383	692	3	3	8	7	296	148.5	2	2	2	2
GLU613A	2	2	5	4	1078	539.5	2	2	5	4	1078	539.5	2	2	3	2
LEU616A	6	5	16	6	15559	9752.34126180238	3	3	10	6	2023	669.27170941483	2	2	3	2
TYR594A	7	3	15	4	16469	2006.83010205483	5	3	10	3	3228	970.084163928731	3	2	2	1
LEU680A	6	5	16	4	14028	12301.5108855806	6	5	17	5	1	1	1	1	1	1
THR519A	6	6	18	15	29968	4592.17007885489	2	2	3	3	31571	31571	2	2	1	0
TYR515A	4	2	12	1	32462	1	3	2	6	0	31571	1	2	1	1	0
GLU516A	4	1	14	1	69	1	2	1	7	0	1	1	1	1	1	1
VAL520A	9	8	24	15	51773	33073.5733211063	5	5	18	12	1	1	1	1	1	1
LEU591A	9	6	22	13	3182	1984	8	6	22	10	1	1	1	1	1	1
TYR517A	4	2	15	3	1299	46.6275334681691	3	2	10	2	1	1	1	1	1	1
LYS554A	7	4	19	2	5209	3371.62652840573	4	3	12	3	1	1	1	1	1	1
ILE667A	3	2	10	4	14526	7779	3	2	9	2	1	1	1	1	1	1
PHE518A	7	4	18	5	88809	38821.7115835751	5	3	17	3	44614	11677.7115835751	2	2	3	2
LEU683A	8	7	23	14	17754	14817	8	7	25	13	77	39	2	2	4	4
ASN522A	5	3	14	4	7417	1925	3	2	12	1	1	1	1	1	1	1
PHE693A	8	3	20	3	32286	1	6	2	19	2	25101	3109.98112401185	4	3	8	3
ALA589A	6	6	15	13	58285	39297.9240967298	4	4	8	8	1	1	1	1	1	1
PHE553A	8	4	29	12	48217	15509.503754936	7	4	31	9	1	1	1	1	1	1
SER590A	5	3	14	6	1078	1	3	2	6	0	1	1	1	1	1	1
TYR521A	7	3	24	6	5111	1414.31993340766	5	3	15	2	1	1	1	1	1	1
THR525A	6	5	14	8	1180	1119	4	3	10	6	1	1	1	1	1	1
VAL549A	7	7	21	13	3853	3192.68006659234	3	3	11	7	1	1	1	1	1	1
LYS546A	4	1	12	1	959	1	2	1	4	0	1	1	1	1	1	1
GLU523A	4	4	10	6	1078	812.913496900721	4	4	9	4	1	1	1	1	1	1
PHE587A	6	2	16	5	11654	1440.18059977102	6	2	20	5	1060	1	2	1	2	0
ASN588A	3	1	7	1	1	1	2	1	3	0	1	1	1	1	1	1
LEU524A	6	6	16	9	7438	4936.81940022898	6	6	17	9	1	1	1	1	1	1
VAL527A	4	4	8	7	1079	540	2	2	5	5	1	1	1	1	1	1
LEU540A	5	5	9	8	1126	563.5	4	4	9	8	1	1	1	1	1	1
ILE548A	4	2	10	4	1078	5	3	2	8	3	1	1	1	1	1	1
LYS545A	5	3	16	9	2961	2961	3	3	10	8	1	1	1	1	1	1
LYS526A	3	1	7	1	1119	1	2	1	3	0	1	1	1	1	1	1
GLN544A	4	3	8	4	1135	264.877308648365	3	3	5	4	1	1	1	1	1	1
GLY542A	5	5	7	4	81	81	2	2	2	1	1	1	1	1	1	1
SER541A	3	2	6	2	1144	835.622691351635	3	2	3	2	1	1	1	1	1	1
GLU543A	3	1	7	1	1	1	1	1	1	1	1	1	1	1	1	1
ALA547A	6	6	8	3	1	1	1	1	1	1	1	1	1	1	1	1
LEU551A	4	2	13	5	1	1	1	1	1	1	1	1	1	1	1	1
ASP550A	3	2	11	3	1	1	1	1	1	1	1	1	1	1	1	1
LEU552A	6	5	11	6	7405	2978.96493331234	4	4	7	7	1096	889.263690290864	3	3	3	3
THR555A	6	5	18	10	978	978	3	2	9	1	1	1	1	1	1	1
VAL559A	6	6	18	12	21824	14467.1322955714	5	5	18	11	6229	2805.20892991447	3	3	3	3
ASP567A	2	2	5	4	1078	201.431148140491	2	2	3	3	1078	201.431148140491	2	2	2	2
LEU564A	3	3	8	5	1078	1066.30516156864	3	3	8	4	1078	1066.30516156864	3	3	3	2
HIS595A	7	7	20	15	8548	8548	7	7	23	12	1	1	1	1	1	1
ASN556A	4	2	12	4	3438	84.5160492291435	4	2	12	4	229	84.5160492291435	2	2	2	2
GLN563A	5	5	9	7	3526	2393.72626388636	5	5	10	7	2305	1297.56566365012	3	3	3	3
ARG557A	3	1	8	1	1078	1	3	1	8	0	1	1	1	1	1	1
LYS558A	2	1	4	1	1078	1	2	1	4	0	1	1	1	1	1	1
THR560A	4	4	10	10	3370	1295.14175762408	3	3	7	7	4153	2272.70935720627	2	2	2	2
VAL561A	4	4	3	3	5380	4210.69764213968	4	4	4	2	1	1	1	1	1	1
LYS562A	2	1	3	1	1078	1	2	1	3	0	1	1	1	1	1	1
LYS565A	2	1	3	1	1078	1	2	1	3	0	1	1	1	1	1	1
GLY592A	4	4	13	10	994	994	2	2	7	5	1	1	1	1	1	1
ASP596A	4	3	11	4	2580	1095.0403377643	3	2	8	2	2580	1095.0403377643	3	2	4	2
TYR656A	8	4	23	7	6506	1756.30581170906	6	3	17	4	3617	1756.30581170906	3	3	5	4
LEU598A	3	3	7	5	1	1	1	1	1	1	1	1	1	1	1	1
LEU607A	2	2	6	3	1078	1078	2	2	4	2	1078	1078	2	2	2	1
ASP608A	3	3	7	2	2151	1181.91583607127	2	2	4	2	2151	1181.91583607127	2	2	2	1
ARG654A	6	4	14	5	6047	1	4	2	8	1	5914	1	3	2	5	1
LEU651A	4	4	7	5	1526	1141.72085007503	4	4	7	5	1179	1031.5	3	3	4	2
ILE600A	4	2	12	4	10896	5914	4	2	9	1	10896	5914	4	2	6	1
VAL647A	7	6	9	5	5660	5502.33226446187	4	4	7	3	4583	4425.33226446187	3	3	5	3
ILE601A	3	3	8	7	1996	1225.25120870522	3	3	7	6	1996	1225.25120870522	3	3	3	3
PHE643A	5	4	10	3	18998	5169.835175137	5	4	12	5	1513	446.416526832908	2	2	2	2
ASP603A	4	4	6	3	3230	3230	4	4	7	2	1	1	1	1	1	1
LYS604A	3	1	4	1	3	1	2	1	3	0	1	1	1	1	1	1
ASP605A	2	1	3	1	1078	1	2	1	3	0	1	1	1	1	1	1
PHE606A	6	3	11	6	26404	9630.04824169423	6	3	11	5	1	1	1	1	1	1
ASN612A	3	2	9	3	44	44	2	2	5	2	1	1	1	1	1	1
LEU642A	2	2	5	3	1078	1078	2	2	5	2	1	1	1	1	1	1
ASP614A	4	3	4	1	17742	1078	3	2	4	0	16665	1	2	1	3	0
GLU611A	2	1	3	1	1078	1	2	1	2	0	1	1	1	1	1	1
ILE615A	3	1	7	1	1	1	1	1	1	1	1	1	1	1	1	1
ASP618A	3	3	6	4	3571	1042.14004686007	2	2	2	1	1	1	1	1	1	1
THR622A	5	5	11	9	7683	7683	3	3	5	2	1	1	1	1	1	1
TYR639A	4	2	5	2	5428	2529.85995313993	3	2	4	1	1	1	1	1	1	1
ILE619A	4	2	9	3	1147	673.463557614124	3	2	6	3	1	1	1	1	1	1
LEU623A	6	5	16	7	5095	4126.11162950316	4	4	10	4	1	1	1	1	1	1
LEU636A	4	4	6	5	519	408.77914992497	3	3	5	4	1	1	1	1	1	1
ILE632A	4	2	9	4	3335	969.888370496843	3	2	5	3	1	1	1	1	1	1
GLU633A	3	3	3	2	3230	2257.0154633383	3	3	4	2	1	1	1	1	1	1
LYS652A	2	2	2	2	1078	973.984536661698	2	2	2	2	1	1	1	1	1	1
LYS637A	4	2	5	1	7526	777.721339686096	4	2	6	1	1	1	1	1	1	1
GLU634A	2	2	3	1	1078	301.278660313904	2	2	3	1	1	1	1	1	1	1
ALA640A	5	5	8	6	12320	8001.00210372412	4	4	8	5	1	1	1	1	1	1
HIS641A	3	2	4	2	2	2	2	2	1	0	1	1	1	1	1	1
THR638A	3	2	3	2	2	1	2	1	1	0	1	1	1	1	1	1
MET648A	5	4	12	7	13080	11232.9978962759	4	4	9	6	1	1	1	1	1	1
ASP644A	3	1	9	1	1078	1	3	1	6	0	1	1	1	1	1	1
LYS646A	3	1	7	1	1	1	1	1	1	1	1	1	1	1	1	1
GLN650A	3	3	7	6	1	1	1	1	1	1	1	1	1	1	1	1
ARG655A	2	1	5	1	1	1	1	1	1	1	1	1	1	1	1	1
THR657A	3	2	9	4	1	1	1	1	1	1	1	1	1	1	1	1
LEU666A	4	2	5	2	3258	772.244460403912	4	2	8	2	1	1	1	1	1	1
SER663A	2	2	3	2	1078	1078	2	2	3	1	1	1	1	1	1	1
GLY669A	4	4	5	3	1094	1094	2	2	4	1	1	1	1	1	1	1
LYS665A	2	1	3	1	1	1	1	1	1	1	1	1	1	1	1	1
ILE670A	5	2	10	2	1182	41	5	2	11	1	49	1	2	1	1	0
ILE679A	4	3	13	3	5348	4573.75553959609	4	3	14	2	1	1	1	1	1	1
ASN668A	4	2	11	4	8667	1642.9891144194	3	2	11	4	1	1	1	1	1	1
THR678A	7	7	11	8	3524	3385.57600177702	7	7	17	9	1	1	1	1	1	1
ASP707A	4	3	11	5	49	49	2	2	4	1	49	49	2	2	1	0
ARG671A	2	1	4	1	1078	1	2	1	2	0	1	1	1	1	1	1
THR703A	5	5	5	4	3277	2683.1650521592	3	3	4	3	2200	1606.1650521592	2	2	2	2
ASP672A	4	4	10	9	5450	1439.56189308301	4	4	12	10	5450	1439.56189308301	3	3	3	3
LEU702A	7	6	12	9	11746	9062.72982894742	6	6	17	13	11746	9062.72982894742	3	3	5	3
PHE682A	6	4	12	7	22158	2914.54322581036	6	4	17	8	21083	1839.54322581036	4	2	7	2
LYS677A	3	1	10	1	1254	1	3	1	11	0	1	1	1	1	1	1
ASP681A	2	2	6	6	1078	139.423998222981	2	2	6	6	1	1	1	1	1	1
LEU696A	7	7	19	15	14816	14778	6	6	21	16	29333	29295	5	5	9	5
PHE704A	4	2	10	4	1078	1078	3	2	10	3	1078	1078	2	2	3	1
ARG691A	3	2	10	5	1078	1	3	2	10	5	1	1	1	1	1	1
ASN692A	3	2	6	1	3230	1078	3	2	6	0	3230	1078	3	2	5	0
GLN695A	2	1	2	1	1078	1	2	1	2	0	1078	1	2	1	2	0
ILE697A	3	2	9	2	8450	1	2	1	1	0	9507	6398.01887598816	2	2	3	2
ILE708A	4	2	9	2	8450	8450	2	2	1	0	1	1	1	1	1	1
ASP699A	3	3	3	3	1	1	1	1	1	1	1	1	1	1	1	1
SER701A	3	3	7	7	1	1	1	1	1	1	1	1	1	1	1	1
ASP700A	3	2	2	1	1078	152.32718649054	2	2	1	1	1	1	1	1	1	1
LYS705A	2	2	2	1	1078	926.67281350946	2	2	1	1	1	1	1	1	1	1
ALA711A	6	5	8	6	1	1	1	1	1	1	1	1	1	1	1	1
GLN712A	5	3	7	2	1	1	1	1	1	1	1	1	1	1	1	1
GLN709A	2	1	4	1	1	1	1	1	1	1	1	1	1	1	1	1
LYS710A	2	1	5	1	1	1	1	1	1	1	1	1	1	1	1	1
SER714A	3	2	5	5	1	1	1	1	1	1	1	1	1	1	1	1
VAL713A	3	3	4	4	1	1	1	1	1	1	1	1	1	1	1	1
ASP718A	2	1	5	1	1078	1	2	1	4	0	1	1	1	1	1	1
LEU720A	6	4	17	9	7014	5028.5	4	4	9	7	1	1	1	1	1	1
SER719A	2	2	5	4	1	1	1	1	1	1	1	1	1	1	1	1
ILE934A	5	3	8	2	4120	625.397660160959	3	2	4	1	1	1	1	1	1	1
VAL741A	7	6	23	10	4786	2393.5	4	4	10	8	1537	995	3	3	6	3
HIS723A	2	2	4	2	1078	453.602339839041	2	2	2	1	1	1	1	1	1	1
ILE737A	8	4	30	10	42761	6613.71106925675	4	3	11	6	1	1	1	1	1	1
HIS930A	4	2	10	1	1499	1	2	1	4	0	1	1	1	1	1	1
ILE927A	6	3	22	6	1320	433.5	4	3	12	4	1	1	1	1	1	1
LYS742A	5	2	19	3	1520	1197	3	2	10	2	1649	1197	4	2	10	1
ARG938A	5	3	10	5	1143	576	4	3	5	3	1121	576	4	3	4	2
ASP745A	3	1	10	1	34	1	2	1	3	0	34	1	2	1	3	0
MET939A	6	5	19	14	2034	781.79608448714	6	5	25	17	2034	781.79608448714	6	5	9	5
GLU746A	4	3	16	9	1076	477.038900588378	3	3	10	7	1	1	1	1	1	1
LYS749A	3	1	9	1	1078	1	2	1	3	0	1	1	1	1	1	1
ARG753A	4	2	9	1	3248	1078	4	2	9	0	1	1	1	1	1	1
TYR1356A	2	2	5	5	1078	294.620120595671	2	2	3	3	1	1	1	1	1	1
GLY752A	4	4	7	4	1886	1886	4	4	10	3	1	1	1	1	1	1
LYS755A	5	2	14	4	1078	39.1173601006862	5	2	21	4	347	39.1173601006862	3	2	7	4
VAL953A	8	7	21	12	16245	4701.53441948528	7	6	27	15	19824	9721.58655541217	4	3	9	5
GLU952A	5	4	12	4	7757	7757	4	4	8	3	8800	1	3	2	5	1
GLU757A	2	1	5	1	1078	1	2	1	5	0	1	1	1	1	1	1
ILE956A	8	6	27	16	15123	9245.24827878067	5	4	21	9	343	1	2	1	1	0
ILE998A	7	3	27	9	4798	1444	5	2	16	2	3210	1	3	1	6	0
LEU958A	8	7	28	21	27118	19009.8368719659	8	7	29	19	1	1	1	1	1	1
GLY994A	9	8	33	25	903	452	3	2	13	5	1	1	1	1	1	1
THR957A	4	4	12	9	1242	696.189357351096	3	3	7	5	343	343	2	2	1	0
THR928A	7	5	21	6	5899	5871	4	3	15	4	1	1	1	1	1	1
SER960A	3	2	8	3	12332	1	2	1	4	0	1	1	1	1	1	1
ASN776A	2	1	2	1	1	1	1	1	1	1	1	1	1	1	1	1
ASN803A	5	3	5	1	2155	1739.49517899461	4	3	4	1	1	1	1	1	1	1
SER777A	2	2	4	2	1078	416.504821005387	2	2	3	2	1	1	1	1	1	1
ARG778A	2	1	4	1	1078	1	2	1	3	0	1	1	1	1	1	1
ARG780A	5	4	10	4	3230	3082.66026833828	5	4	12	4	1	1	1	1	1	1
GLN807A	2	1	4	1	1078	1	2	1	4	0	1	1	1	1	1	1
ILE852A	4	2	9	3	34590	1	4	2	10	3	1	1	1	1	1	1
LEU806A	5	5	13	11	6443	6443	4	4	11	7	1	1	1	1	1	1
MET781A	3	2	7	3	1078	1	3	2	6	2	1	1	1	1	1	1
GLY787A	9	9	15	14	6889	4976.35795861809	4	4	10	8	1	1	1	1	1	1
LEU816A	6	5	15	9	39141	19117.5154310021	5	4	16	8	1	1	1	1	1	1
LYS890A	3	1	12	1	1098	1	3	1	10	0	1	1	1	1	1	1
ILE892A	8	5	25	11	29476	13451.2417183772	8	5	26	9	1	1	1	1	1	1
THR893A	7	5	18	4	8368	5178.87140001035	7	5	19	3	1	1	1	1	1	1
ILE784A	5	4	15	8	12520	11032.4845689979	4	4	11	7	1	1	1	1	1	1
TYR815A	3	2	6	2	10450	4694	3	2	5	1	1	1	1	1	1	1
GLU786A	2	1	8	1	1	1	1	1	1	1	1	1	1	1	1	1
ILE788A	2	1	8	1	1	1	1	1	1	1	1	1	1	1	1	1
ALA889A	8	8	17	15	2836	2188.50858468188	5	5	11	7	1	1	1	1	1	1
LEU891A	5	5	18	18	32170	22263.6334567	5	5	13	12	1	1	1	1	1	1
LYS789A	2	1	8	1	1	1	1	1	1	1	1	1	1	1	1	1
GLU790A	4	1	13	1	2153	1	3	1	7	0	1	1	1	1	1	1
LEU791A	2	2	3	1	1	1	1	1	1	1	1	1	1	1	1	1
HIS799A	3	1	5	1	5758	1	3	1	4	0	1	1	1	1	1	1
ILE830A	4	2	5	1	2813	2805	3	2	4	0	1	1	1	1	1	1
PRO800A	4	2	6	1	7647	2954	3	2	4	0	1	1	1	1	1	1
VAL801A	5	5	7	5	4297	2149	4	4	5	3	1	1	1	1	1	1
GLU802A	3	1	6	1	1	1	2	1	3	0	1	1	1	1	1	1
GLN805A	5	4	5	4	3226	1612	3	2	5	3	1	1	1	1	1	1
LEU811A	3	3	6	6	1078	541	3	3	5	4	1	1	1	1	1	1
THR804A	2	2	4	3	1	1	1	1	1	1	1	1	1	1	1	1
GLU809A	3	2	6	2	11503	3118.83067608593	2	2	4	2	1	1	1	1	1	1
LEU813A	4	4	8	7	25835	25835	3	3	7	4	1	1	1	1	1	1
LYS855A	5	3	11	4	30834	16811.1693239141	5	3	10	3	18687	8427	3	2	5	1
LEU857A	9	6	21	7	15985	10259.1384323509	8	6	24	7	1	1	1	1	1	1
LYS810A	2	1	8	1	1078	1	2	1	7	0	1	1	1	1	1	1
VAL856A	6	5	20	14	19165	6896.63365645972	5	4	16	11	1	1	1	1	1	1
GLY819A	6	6	10	8	7512	7512	6	6	14	7	1	1	1	1	1	1
TYR814A	3	2	7	2	1078	9	3	2	7	1	1	1	1	1	1	1
GLN817A	6	6	20	15	3564	3553.5	6	6	25	17	1	1	1	1	1	1
ARG820A	5	2	14	1	15326	2429.51819077936	5	2	18	1	1	1	1	1	1	1
MET822A	6	4	18	8	1229	1229	5	4	18	7	1	1	1	1	1	1
LEU828A	8	6	21	15	13882	10688.6393751447	7	6	26	16	1	1	1	1	1	1
ASN818A	2	1	5	1	1078	1	2	1	5	0	1	1	1	1	1	1
GLU827A	2	1	5	1	1078	1	2	1	5	0	1	1	1	1	1	1
TYR882A	4	2	9	1	7575	4591.48180922064	3	2	8	1	1	1	1	1	1	1
ASP821A	7	7	23	16	6616	1653.31043090624	4	4	15	10	1	1	1	1	1	1
VAL824A	7	6	13	8	1088	768.190083744364	5	4	8	1	1	1	1	1	1	1
TYR823A	8	3	19	3	22737	6392.73327732653	6	3	13	3	1	1	1	1	1	1
THR858A	7	6	17	8	5378	4216.86156764914	7	6	21	7	1	1	1	1	1	1
ARG859A	4	1	14	1	1078	1	4	1	13	0	1	1	1	1	1	1
TRP883A	7	4	16	5	27341	16391	5	3	16	3	1	1	1	1	1	1
VAL876A	6	6	13	10	3755	3543.40057043992	4	4	11	5	1	1	1	1	1	1
MET879A	5	4	13	8	3230	3230	4	4	10	5	1	1	1	1	1	1
GLY865A	7	7	16	11	3921	3596.59942956008	4	4	11	5	1	1	1	1	1	1
SER872A	2	2	7	2	1078	833.387658153241	2	2	5	2	1	1	1	1	1	1
ASP839A	6	4	17	6	18933	12785.8790645202	4	3	16	5	11576	9573.48866387311	2	2	3	2
GLN826A	2	2	6	5	1078	314.809916255636	2	2	4	3	1	1	1	1	1	1
ARG864A	3	1	10	1	1	1	2	1	4	0	1	1	1	1	1	1
ASP825A	2	1	4	1	1078	1	2	1	3	0	1	1	1	1	1	1
ASP829A	3	2	8	6	1078	1	2	1	2	0	1	1	1	1	1	1
LEU833A	3	3	8	6	3230	2175.55019394907	3	3	7	5	1	1	1	1	1	1
SER834A	4	3	11	3	7037	1	2	1	7	0	1	1	1	1	1	1
ASN831A	2	1	2	1	1	1	1	1	1	1	1	1	1	1	1	1
ASP835A	3	3	3	2	1	1	1	1	1	1	1	1	1	1	1	1
ASP837A	4	1	13	1	1078	1	4	1	15	0	1	1	1	1	1	1
VAL838A	4	4	12	8	3202	2140	3	3	10	5	1	1	1	1	1	1
HIS840A	4	3	11	5	12215	10261	3	2	8	2	23790	12263.5113361269	4	3	6	2
LYS866A	7	4	20	9	11732	99	6	4	14	5	1	1	1	1	1	1
ASN854A	5	4	12	7	56948	20967.2089950497	5	4	11	2	30461	20967.2089950497	4	4	6	4
ILE841A	6	5	19	10	53646	36821.1775670929	6	5	20	10	1	1	1	1	1	1
LEU900A	5	4	17	8	32219	10103.3545406495	4	3	16	8	1	1	1	1	1	1
LYS896A	6	3	19	6	3309	710.834235797899	5	3	19	5	1	1	1	1	1	1
PRO843A	5	5	13	9	4362	2296.42686697016	3	3	5	3	4362	2296.42686697016	3	3	3	2
VAL842A	5	5	13	8	26598	9494.79100495027	2	2	4	3	26598	9494.79100495027	2	2	3	3
PHE846A	6	2	12	1	1078	152.656224089463	2	2	1	1	1078	152.656224089463	2	2	1	1
LEU847A	6	5	15	7	35314	6330.92301161725	4	3	8	1	6382	5189.92301161725	2	2	1	1
ALA1053A	6	6	14	10	11586	10593.5731330298	4	4	9	5	14409	13416.5731330298	3	3	3	2
ASN869A	4	1	9	1	3144	1	3	1	5	0	1304	1	2	1	2	0
ASN1041A	3	2	6	3	1552	1278	3	2	7	2	1	1	1	1	1	1
GLN844A	4	3	9	4	4152	2595.68711925579	4	3	10	4	1	1	1	1	1	1
LYS848A	5	3	11	5	4894	2071.79338097116	5	3	10	2	1	1	1	1	1	1
LYS1047A	6	3	16	3	8768	2880.25997559888	5	3	15	3	1	1	1	1	1	1
ASN1044A	5	5	8	7	1660	837.351572613217	5	5	11	6	1	1	1	1	1	1
SER845A	4	3	11	3	590	582	3	2	8	1	1	1	1	1	1	1
TYR1039A	5	2	11	3	30536	2308.52968231561	5	2	12	3	1	1	1	1	1	1
LEU908A	2	2	5	1	1078	926.343775910537	2	2	1	1	1078	926.343775910537	2	2	1	1
GLN920A	5	4	16	10	57136	57136	5	4	16	7	1	1	1	1	1	1
ASP849A	5	2	11	2	5492	1	4	1	9	0	3230	743.118163595418	3	2	5	1
PHE916A	5	3	13	6	6382	1193.07698838275	2	2	3	2	6382	1193.07698838275	2	2	1	1
ASP965A	5	4	9	4	2499	428.206619028845	2	2	4	2	1	1	1	1	1	1
LYS968A	4	3	9	4	3498	3337.97519066033	3	2	7	2	1	1	1	1	1	1
LYS961A	5	3	9	3	9198	7645.77052179254	3	3	6	2	1	1	1	1	1	1
SER851A	4	3	7	2	708	708	2	2	2	1	1325	578.881836404582	3	2	4	1
ASP850A	5	4	9	4	18680	1713.25428754713	4	3	8	3	8431	5	3	2	4	1
ASP853A	3	2	8	4	1542	349.128599989647	3	2	7	4	1	1	1	1	1	1
LYS862A	3	1	6	1	3230	1	3	1	7	0	1	1	1	1	1	1
ASN863A	2	2	2	1	1078	1078	2	2	2	0	1	1	1	1	1	1
SER867A	4	3	7	1	1080	541.346702870349	3	3	4	1	1	1	1	1	1	1
GLU873A	4	1	10	1	1078	1	4	1	8	0	1	1	1	1	1	1
VAL870A	4	3	9	2	25	1	2	1	5	0	1	1	1	1	1	1
PRO871A	4	3	9	2	1109	1055	3	2	6	0	1	1	1	1	1	1
ASP868A	2	2	3	2	1078	539.653297129651	2	2	2	2	1	1	1	1	1	1
LYS902A	3	1	7	1	1055	1	2	1	2	0	1	1	1	1	1	1
VAL875A	2	2	5	5	1	1	1	1	1	1	1	1	1	1	1	1
LYS877A	3	2	9	5	1078	14	3	2	6	1	1	1	1	1	1	1
THR901A	6	5	8	3	18	5	3	2	4	0	1	1	1	1	1	1
LYS880A	4	1	11	1	6	1	3	1	5	0	1	1	1	1	1	1
PHE897A	5	3	16	4	4275	2	4	2	13	0	1	1	1	1	1	1
LEU886A	6	5	19	11	10134	5163.5	3	3	11	8	1	1	1	1	1	1
ARG884A	2	1	5	1	1	1	1	1	1	1	1	1	1	1	1	1
LEU887A	6	6	16	11	12649	9633.7582816228	5	5	18	9	1	1	1	1	1	1
ASN888A	3	2	8	1	1	1	1	1	1	1	1	1	1	1	1	1
GLN885A	3	1	8	1	1	1	1	1	1	1	1	1	1	1	1	1
GLN894A	4	2	11	1	1077	1	3	1	10	0	1	1	1	1	1	1
ARG895A	3	1	6	1	2153	1	2	1	6	0	1	1	1	1	1	1
ASP898A	3	2	7	1	1	1	1	1	1	1	1	1	1	1	1	1
ASN899A	2	2	2	1	1	1	1	1	1	1	1	1	1	1	1	1
ASP912A	5	3	11	3	834	91.3431411743036	2	2	3	3	1	1	1	1	1	1
SER909A	4	4	7	2	1766	1675.6568588257	4	4	4	1	1	1	1	1	1	1
GLU910A	4	1	10	1	907	1	3	1	9	0	1	1	1	1	1	1
LEU911A	4	1	10	1	931	1	2	1	3	0	1	1	1	1	1	1
ALA914A	8	6	19	10	3710	1612.25097944801	3	3	11	10	1	1	1	1	1	1
ILE1022A	7	6	18	12	11692	3948.83319137234	7	6	17	11	3226	1	2	1	3	0
GLY915A	7	7	16	12	1	1	1	1	1	1	1	1	1	1	1	1
LYS913A	6	2	11	1	2182	939.702044101479	4	2	8	1	2155	939.702044101479	3	2	2	1
SER1040A	2	2	5	2	1078	1078	2	2	3	1	1078	1078	2	2	2	1
ILE917A	8	6	20	11	19514	4992.51907704611	5	4	16	11	11429	1	2	1	4	0
PHE1038A	2	2	5	1	1078	139.297955898521	2	2	3	1	1078	139.297955898521	2	2	2	1
VAL1018A	7	7	12	8	7491	5908.34148508202	6	6	15	10	1	1	1	1	1	1
LYS918A	4	1	12	1	7564	1	3	1	7	0	4389	1	2	1	4	0
ARG919A	3	2	8	3	1	1	1	1	1	1	1	1	1	1	1	1
PHE1037A	2	2	7	5	1078	548.055267051521	2	2	4	3	1	1	1	1	1	1
LEU1004A	5	5	14	10	29714	21994.472828869	5	5	15	9	29714	21994.472828869	5	5	10	4
VAL922A	5	5	9	6	9754	8994.66474468925	3	3	3	1	28576	27816.6647446893	5	5	7	3
LEU962A	6	5	17	11	15194	7656	5	5	20	15	1	1	1	1	1	1
ILE1042A	6	4	18	9	58468	9610	6	4	22	11	5603	5603	2	2	4	2
LEU921A	5	3	12	5	29353	20096.0897086025	4	3	11	5	36136	20096.0897086025	5	3	12	5
PHE1008A	4	2	15	3	16755	3210	3	2	7	1	27378	3210	4	2	10	0
GLU923A	4	3	10	4	1	1	1	1	1	1	12040	1	2	1	4	0
GLU1007A	3	3	5	4	5366	760.335255310748	2	2	2	2	5366	760.335255310748	2	2	4	4
THR924A	3	3	8	4	1	1	1	1	1	1	1	1	1	1	1	1
ALA932A	6	6	13	12	24110	7987.99232439037	3	3	5	5	23379	7622.49232439037	2	2	3	3
LYS929A	3	1	10	1	1	1	1	1	1	1	1	1	1	1	1	1
VAL955A	6	6	19	16	37675	30053.5076756096	4	4	10	8	37675	30053.5076756096	4	4	7	5
GLN933A	2	2	5	1	1078	235.19206573432	2	2	3	1	1078	235.19206573432	2	2	3	1
TYR1010A	6	2	13	1	2354	843.80793426568	4	2	10	1	2354	843.80793426568	4	2	9	1
SER937A	3	3	7	5	1	1	1	1	1	1	4	4	2	2	3	2
ASP936A	5	4	14	8	26216	4037.61422417371	5	4	14	9	26216	4037.61422417371	5	4	9	4
ASN940A	5	4	16	13	20918	19703.2846909765	4	4	15	13	9923	9923	3	3	7	5
ARG951A	6	6	14	10	29470	13491.1010848498	6	6	17	14	11599	8838.38577582629	2	2	4	3
THR941A	4	4	8	6	26	26	2	2	3	2	1	1	1	1	1	1
LYS942A	3	1	6	1	1076	1	2	1	3	0	1	1	1	1	1	1
ILE950A	5	3	11	4	12320	5639	4	3	7	1	5366	5366	2	2	2	1
TYR943A	3	1	6	1	1094	1	3	1	5	0	1	1	1	1	1	1
LEU949A	4	4	9	7	2700	1760.5	3	3	7	5	1	1	1	1	1	1
ASP944A	6	4	6	2	6443	1078	3	2	4	0	6443	1078	3	2	2	0
GLU945A	3	2	6	4	1	1	1	1	1	1	1	1	1	1	1	1
ASN946A	3	2	6	2	1	1	1	1	1	1	1	1	1	1	1	1
ASP947A	2	1	5	1	1	1	1	1	1	1	1	1	1	1	1	1
LYS948A	2	1	5	1	1078	1	2	1	2	0	1078	1	2	1	2	0
TYR1013A	6	4	15	12	7162	625.854246540521	6	4	19	11	3601	625.854246540521	2	2	4	4
GLY1011A	5	5	10	9	9636	7137.5	4	4	11	8	1	1	1	1	1	1
LYS954A	6	2	21	2	8432	649.8677147397	4	2	14	2	878	649.8677147397	2	2	2	1
VAL1009A	8	8	22	13	12295	11670.1457534595	6	6	19	10	14424	13799.1457534595	5	5	9	4
GLU1005A	4	3	12	4	1078	229.1322852603	4	3	13	4	1078	229.1322852603	3	2	5	1
VAL963A	6	6	19	17	7607	6272.20619502508	4	4	17	13	1	1	1	1	1	1
VAL993A	9	7	25	19	4591	2470.21903761653	4	4	13	9	1	1	1	1	1	1
LEU997A	8	7	27	14	10325	7685.90958882392	6	6	27	14	1	1	1	1	1	1
MET1043A	5	4	17	11	5036	3604.03450159368	5	4	17	9	1	1	1	1	1	1
SER964A	3	2	9	3	927	927	2	2	5	2	927	927	2	2	3	1
LEU989A	6	5	20	11	10692	6180.53135557577	5	5	13	10	1	1	1	1	1	1
ASP969A	3	3	8	5	3149	549.052905145334	2	2	4	2	1	1	1	1	1	1
PHE966A	3	1	12	1	2270	1	3	1	7	0	1	1	1	1	1	1
ARG967A	5	5	13	10	14576	11114.2624493992	5	5	16	10	4616	4616	2	2	3	1
PHE972A	6	4	14	7	12200	3574.24592532773	6	4	16	6	1	1	1	1	1	1
LYS974A	6	3	12	1	13616	5762.93618320325	6	3	10	1	11031	5490	4	2	3	0
HIS985A	4	3	11	4	2684	322.495487193121	3	2	7	3	1	1	1	1	1	1
PHE1080A	6	4	17	9	3597	1280.58391834679	5	4	19	9	1	1	1	1	1	1
PHE970A	4	4	13	7	11004	9724.41608165321	4	4	13	6	1	1	1	1	1	1
PHE1046A	7	3	20	5	12454	254.5	6	2	19	2	1	1	1	1	1	1
GLN971A	2	1	3	1	1078	1	2	1	3	0	1078	1	2	1	1	0
TYR973A	4	2	3	1	5096	1078	4	2	3	0	1078	1078	2	2	1	0
LEU1087A	5	4	17	7	6466	6144.50451280688	4	4	15	7	1	1	1	1	1	1
VAL1083A	8	6	24	12	1665	1052.25407467227	5	4	23	12	1	1	1	1	1	1
ARG1084A	3	1	11	1	1078	1	2	1	5	0	1	1	1	1	1	1
ASN1234A	3	2	7	2	3034	3034	2	2	3	1	1	1	1	1	1	1
LEU1238A	3	2	7	2	986	986	2	2	3	1	1	1	1	1	1	1
VAL975A	5	5	12	7	1058	1058	2	2	5	2	1	1	1	1	1	1
ARG976A	5	2	9	2	3089	1256.06381679675	3	2	6	2	1561	1	2	1	1	0
GLU977A	3	2	6	2	1	1	1	1	1	1	1	1	1	1	1	1
ILE978A	6	4	19	12	17490	8695.80314815227	4	3	15	9	16443	10603.8124322818	2	2	2	2
HIS982A	3	3	8	3	1561	1561	2	2	2	1	1561	1561	2	2	1	0
LEU1228A	9	8	21	14	31167	16436.1469091811	7	7	24	16	1	1	1	1	1	1
PHE1313A	7	4	24	10	32156	4023.00790695028	7	4	26	11	1	1	1	1	1	1
ASN979A	5	4	15	8	25950	15251	4	3	11	4	21127	10524.1875677182	3	3	2	1
VAL1233A	6	6	13	11	7266	5443.38438342121	4	4	12	10	1	1	1	1	1	1
GLU1225A	4	4	11	11	27938	26053.0790426221	4	4	11	9	3757	1872.07904262208	2	2	3	3
TYR981A	7	2	21	3	27202	7004	5	2	16	0	2208	1	2	1	5	0
LEU1226A	6	5	17	12	29150	18958.6403229172	5	4	18	11	4685	1	2	1	2	0
PRO1090A	5	3	14	6	28000	1	3	1	6	0	20997	1	2	1	1	0
TYR1001A	7	3	22	5	49648	16085	7	3	27	3	28433	1	4	1	9	0
PHE1045A	7	2	29	2	1118	1	6	1	30	0	1	1	1	1	1	1
PRO1002A	6	6	17	9	46568	46568	5	5	17	7	46568	46568	4	4	6	0
LYS1000A	4	2	15	5	94674	24308	4	2	15	4	24080	1	2	1	3	0
TYR1036A	5	4	11	8	1094	17	5	4	14	7	1078	1	3	2	5	0
LYS1003A	4	2	10	1	7514	7498	3	2	5	0	7498	7498	2	2	1	0
MET1021A	3	3	6	6	3214	2247.43746252846	3	3	8	7	3214	2247.43746252846	3	3	6	5
SER1006A	3	2	4	2	3226	1	2	1	1	0	1	1	1	1	1	1
VAL1015A	4	4	4	3	3226	3226	2	2	1	0	1	1	2	2	2	0
ASP1012A	2	1	4	1	1078	1	2	1	3	0	1	1	1	1	1	1
LYS1014A	3	2	4	1	1	1	1	1	1	1	1078	1078	2	2	2	0
TYR1016A	3	1	4	1	1	1	1	1	1	1	1078	1	3	1	2	0
ASP1017A	2	1	6	1	1078	1	2	1	5	0	1	1	1	1	1	1
ARG1019A	2	1	6	1	1	1	1	1	1	1	1	1	1	1	1	1
ALA1023A	4	4	6	6	3226	3226	2	2	6	5	5380	5380	4	4	3	0
LYS1024A	2	1	3	1	1	1	1	1	1	1	1078	1	2	1	3	0
GLN1027A	2	1	3	1	1	1	1	1	1	1	1078	1	2	1	3	0
GLU1026A	2	1	1	1	1	1	1	1	1	1	1	1	1	1	1	1
SER1025A	2	2	1	1	1	1	1	1	1	1	1	1	1	1	1	1
ARG1058A	4	4	9	6	31392	23352.2372599125	4	4	12	7	1	1	1	1	1	1
LEU1052A	6	4	11	1	18810	15444.428728052	4	4	8	3	11351	1	2	1	2	0
ILE1050A	4	4	9	7	2934	2156.60040152696	4	4	12	10	1	1	1	1	1	1
LYS1076A	10	6	24	10	9920	5046.24883004871	9	6	34	11	1	1	1	1	1	1
GLU1064A	7	5	22	8	49488	10258.4335080501	7	5	29	10	1	1	1	1	1	1
THR1048A	4	4	14	9	5190	5190	3	3	10	6	1	1	1	1	1	1
GLU1049A	3	2	4	1	2916	591.763593195251	3	2	4	1	1	1	1	1	1	1
ILE1057A	3	2	5	1	1084	333.236406804749	3	2	4	1	1	1	1	1	1	1
ARG1060A	6	4	16	8	38494	18409.1284278485	6	4	23	10	1	1	1	1	1	1
THR1051A	2	2	5	3	1078	612.911128667306	2	2	3	3	1	1	1	1	1	1
GLY1055A	5	5	8	6	1391	1391	3	3	5	2	4	4	2	2	2	1
GLU1056A	4	2	8	3	5678	447.130460965138	4	2	6	3	1075	1	2	1	2	0
ASN1054A	4	2	8	2	1075	1075	2	2	3	1	1078	1075	3	2	2	0
PRO1061A	4	3	14	7	1078	1078	4	3	19	7	1	1	1	1	1	1
ASP1075A	7	6	15	9	7502	2595.40672844561	7	6	17	9	1	1	1	1	1	1
LEU1062A	4	4	13	10	1078	1076	4	4	16	10	1	1	1	1	1	1
GLY1077A	5	3	15	6	1127	1	3	1	9	0	1	1	1	1	1	1
ILE1063A	2	2	6	5	1078	887.593271554393	2	2	6	5	1	1	1	1	1	1
ASN1066A	5	3	7	4	1076	1	2	1	3	0	1	1	1	1	1	1
THR1065A	4	4	6	4	1078	1077.69072461739	4	4	6	2	1	1	1	1	1	1
GLY1070A	4	4	6	4	3	2.30927538261276	3	3	6	3	1	1	1	1	1	1
GLU1071A	4	1	6	1	1078	1	4	1	6	0	1	1	1	1	1	1
GLY1067A	3	3	6	3	1	1	1	1	1	1	1	1	1	1	1	1
THR1069A	5	5	8	4	1076	1076	2	2	3	0	1	1	1	1	1	1
GLU1068A	5	1	9	1	7498	1	2	1	2	0	7498	1	2	1	1	0
ILE1072A	2	1	7	1	1	1	1	1	1	1	1	1	1	1	1	1
ASP1079A	5	3	19	10	10153	5410.76253419181	3	3	12	10	1	1	1	1	1	1
ARG1078A	5	1	10	1	1280	1	2	1	6	0	1	1	1	1	1	1
ALA1081A	3	3	8	4	1	1	1	1	1	1	1	1	1	1	1	1
THR1082A	5	4	14	7	1	1	1	1	1	1	1	1	1	1	1	1
LYS1085A	2	1	2	1	1	1	1	1	1	1	1	1	1	1	1	1
SER1088A	3	3	4	3	2153	2153	2	2	3	2	1	1	1	1	1	1
MET1089A	5	3	11	5	31303	21268.4835602483	4	3	8	4	1	1	1	1	1	1
ALA1227A	5	4	15	12	20997	20997	3	2	6	0	20997	20997	2	2	1	0
LEU1318A	8	8	27	20	8463	5810.92095737792	7	7	27	17	7240	3806.89741270067	4	4	6	3
LYS1096A	4	2	11	1	3114	3051	3	2	7	0	1	1	1	1	1	1
GLN1350A	3	3	11	10	129044	43321.5246742122	3	3	9	8	129044	43321.5246742122	3	3	5	4
MET1213A	5	4	18	12	20960	3827.68426460274	5	4	18	11	1	1	1	1	1	1
PRO1199A	6	3	16	6	30170	13466	6	3	18	4	1	1	1	1	1	1
THR1098A	5	5	9	4	2688	2688	5	5	13	4	1	1	1	1	1	1
LYS1200A	3	1	7	1	1350	1	3	1	6	0	1	1	1	1	1	1
TYR1201A	4	1	9	1	6256	1	4	1	10	0	1	1	1	1	1	1
SER1202A	4	3	12	7	1280	930	4	3	15	6	1	1	1	1	1	1
VAL1100A	6	6	18	10	43274	35240.997004269	4	4	10	5	27992	19958.997004269	2	2	4	4
GLN1101A	5	2	11	1	1016	926	3	2	5	0	91	1	2	1	4	0
ALA1140A	6	6	14	9	28082	8124.00299573097	4	4	9	5	55196	35238.002995731	5	5	5	2
TYR1141A	6	1	15	1	1	1	3	1	6	0	15052	1	2	1	4	0
PRO1137A	2	1	2	1	3	1	2	1	2	0	1	1	1	1	1	1
THR1138A	3	3	1	1	5	4.26972217505887	3	3	2	1	1	1	1	1	1	1
ILE1168A	2	2	2	2	3	1.73027782494113	2	2	2	2	1	1	1	1	1	1
VAL1139A	4	3	11	7	11017	8826.1049262554	3	3	7	4	16624	4561	3	2	7	1
GLY1165A	6	6	10	5	6470	2204.8950737446	4	4	5	2	964	564.70084985208	2	2	3	1
ILE1166A	6	3	13	5	10509	4268	5	2	10	0	7205	400.29915014792	4	2	5	1
SER1142A	4	2	12	1	14	1	2	1	3	0	1	1	1	1	1	1
VAL1143A	7	7	15	6	6186	6186	4	4	9	2	11798	11798	3	3	6	1
LEU1144A	5	1	14	1	2036	1	3	1	7	0	12152	1	4	1	5	0
ILE1196A	5	3	13	1	8565	1554	4	2	11	0	2631	2269.87053522557	3	3	4	1
LYS1197A	4	1	14	1	1223	1	3	1	8	0	1	1	1	1	1	1
LEU1163A	5	5	15	10	1982	1232.5	5	5	14	10	483	483	2	2	3	0
VAL1145A	5	5	8	4	9642	6436	4	4	5	2	6413	3207	2	2	1	1
VAL1146A	3	2	4	1	3230	1078	3	2	4	0	1	1	1	1	1	1
GLU1162A	2	1	4	1	1078	1	2	1	3	0	1	1	1	1	1	1
LEU1182A	5	4	11	7	6422	3207	3	2	6	3	6413	3207	2	2	1	1
LYS1192A	2	1	2	1	1078	1	2	1	2	0	1	1	1	1	1	1
SER1159A	2	1	2	1	1078	1	2	1	1	0	1	1	1	1	1	1
VAL1160A	3	3	2	2	1078	1078	2	2	1	0	1	1	1	1	1	1
LYS1161A	3	2	3	1	3226	3226	2	2	2	0	3226	3226	2	2	1	0
LEU1214A	6	5	14	13	1764	650.360957517303	4	4	17	16	1	1	1	1	1	1
LEU1343A	5	5	12	11	1748	1572.5	4	4	13	11	1	1	1	1	1	1
LEU1198A	8	6	19	11	34231	12106.5	7	5	23	12	1	1	2	2	3	3
LEU1164A	3	3	8	6	5311	3706.07384593453	2	2	3	2	5311	3706.07384593453	2	2	1	1
LYS1185A	5	3	7	3	9602	3753.92615406547	4	3	7	2	5311	1605.92615406547	2	2	1	1
PHE1174A	3	1	8	1	7466	1	3	1	7	0	1	1	1	1	1	1
GLU1170A	4	2	6	1	3230	428.381999452664	4	2	7	1	1	1	1	1	1	1
THR1167A	2	2	3	1	1078	650.618000547336	2	2	3	1	1	1	1	1	1	1
PHE1181A	5	4	6	2	4280	4280	4	4	6	1	1	1	1	1	1	1
ARG1171A	2	2	1	1	1	1	1	1	1	1	1	1	1	1	1	1
GLU1175A	2	2	1	1	1	1	1	1	1	1	1	1	1	1	1	1
SER1173A	2	1	4	1	1078	1	2	1	3	0	1	1	1	1	1	1
LYS1176A	3	1	5	1	1078	1	3	1	4	0	1	1	1	1	1	1
PRO1178A	5	4	9	2	2153	2153	3	3	4	1	1	1	1	1	1	1
ASN1177A	3	2	5	1	1078	2	3	2	4	0	1	1	1	1	1	1
ILE1179A	5	1	8	1	1	1	1	1	1	1	1	1	1	1	1	1
ASP1180A	3	2	6	1	1	1	1	1	1	1	1	1	1	1	1	1
GLU1183A	4	2	6	1	1082	1	2	1	3	0	1	1	1	1	1	1
ALA1184A	5	5	7	6	1	1	1	1	1	1	1	1	1	1	1	1
GLY1186A	4	4	7	6	3234	3234	4	4	6	3	1	1	1	1	1	1
LEU1194A	2	2	4	2	1	1	1	1	1	1	1078	362.129464774432	2	2	2	2
PHE1204A	6	4	24	11	33236	11202.5101663815	5	4	19	10	8197	2196.12644924819	2	2	3	3
LEU1347A	7	6	22	14	16930	14734.8735507518	5	5	18	12	8980	6784.87355075181	4	4	4	3
GLN1221A	5	4	9	4	4614	3116.07965524068	5	4	10	3	1318	776.718430186872	3	2	3	1
LEU1203A	7	6	20	11	127752	98824.6379100021	6	5	16	7	64929	38984.3221746048	3	2	5	2
LYS1211A	5	1	16	1	2490	1	4	1	13	0	1	1	1	1	1	1
ARG1212A	6	5	23	11	94272	42467	4	3	13	4	1	1	2	2	3	2
ALA1345A	7	7	16	11	22962	20663.8903453794	7	7	20	11	1	1	1	1	1	1
VAL1342A	5	4	16	9	19048	9604.11628286666	4	3	15	8	1	1	1	1	1	1
GLU1205A	5	2	15	4	6692	113.585479010074	5	2	17	3	3441	113.585479010074	4	2	3	1
THR1346A	5	5	12	9	2050	1937.41452098993	4	4	9	2	1084	971.414520989926	2	2	3	1
ILE1348A	5	3	14	3	1078	400.585914953254	4	3	11	3	1	1	2	2	3	1
LEU1206A	5	5	13	10	19992	10377.848445782	5	5	17	12	1	1	1	1	1	1
GLU1207A	3	2	9	5	1078	404.005377104074	3	2	10	4	1	1	1	1	1	1
ARG1210A	8	6	19	10	23838	3961.25583173458	7	5	22	11	10400	1	3	2	4	1
GLU1341A	4	2	13	5	1078	1	4	2	16	4	1	1	1	1	1	1
ASN1208A	2	1	3	1	1	1	1	1	1	1	1	1	1	1	1	1
GLY1209A	4	4	11	8	2153	2153	3	3	11	7	1	1	1	1	1	1
ASN1224A	7	4	20	5	7681	1249.01356358143	6	4	18	4	7504	1106.01356358143	3	2	4	2
VAL1280A	7	5	22	10	20083	13234.9864364186	5	3	21	7	14340	13234.9864364186	4	3	5	2
LEU1282A	8	6	25	15	13674	13149	8	6	26	8	1	1	2	2	2	1
GLY1223A	5	4	18	7	855	780	4	3	16	3	47	47	2	2	3	0
TYR1336A	7	3	25	7	85543	40117	5	3	20	5	43077	40117	5	3	6	0
LEU1220A	6	6	17	14	20244	15308.0160235014	6	6	20	15	1	1	1	1	1	1
ALA1215A	3	3	8	7	1229	957.638774946194	2	2	4	3	1	1	1	1	1	1
SER1216A	6	3	13	5	1073	12	5	3	18	3	1	1	1	1	1	1
THR1339A	9	8	15	13	10640	7594.62301898134	9	8	27	14	1	1	1	1	1	1
ALA1217A	4	3	10	4	4901	1062	3	2	12	2	1	1	1	1	1	1
GLY1218A	6	4	11	5	2051	2051	5	3	17	1	1	1	1	1	1	1
GLU1219A	5	2	11	1	1098	21	5	2	17	0	1	1	1	1	1	1
THR1337A	5	4	12	3	985	1	2	1	4	0	1	1	1	1	1	1
ARG1335A	4	1	8	1	21	1	2	1	4	0	3029	1	2	1	1	0
SER1338A	4	1	13	1	1007	1	3	1	13	0	1	1	1	1	1	1
GLY1319A	6	6	20	17	1577	917.99531229562	5	5	17	10	2348	1563.02354467725	3	3	5	4
ALA1320A	4	4	12	9	2876	1201.28625751751	3	3	8	7	1318	542.281569813128	2	2	2	1
LYS1222A	8	4	23	7	1446	229	8	4	27	4	1200	1	4	1	8	0
THR1314A	6	5	16	6	14156	8543.24020447183	5	4	15	4	1	1	1	1	1	1
LEU1315A	7	2	24	4	9524	1	5	1	24	0	1	1	1	1	1	1
ASN1317A	4	2	15	4	7262	5404.75979552817	3	2	11	3	1	1	1	1	1	1
PHE1276A	6	3	24	7	8050	5462.9800984701	4	3	15	6	3564	3564	2	2	2	1
THR1316A	8	8	25	15	46324	21158.6027385597	7	7	27	13	1	1	1	1	1	1
GLN1272A	5	5	13	11	1078	534.067392642942	5	5	16	10	1	1	1	1	1	1
PRO1229A	5	4	13	10	10	9.59816660251783	4	3	12	5	1	1	1	1	1	1
TYR1232A	7	2	16	3	11468	2437.4983395062	6	2	17	1	1	1	1	1	1	1
LEU1236A	7	5	22	11	11181	6778.28151621071	4	4	15	12	1	1	1	1	1	1
SER1230A	3	2	5	1	1	1	1	1	1	1	1	1	1	1	1	1
LYS1231A	2	1	2	1	1	1	1	1	1	1	1	1	1	1	1	1
ILE1269A	6	5	16	6	3144	2453.71057683901	4	4	10	5	1	1	1	1	1	1
GLU1268A	4	4	9	2	5174	2737.5016604938	2	2	5	1	1	1	1	1	1	1
ALA1239A	6	6	14	12	827	42.6852609386393	2	2	1	1	1	1	1	1	1	1
PHE1235A	4	2	9	3	1094	25	3	2	6	2	1	1	1	1	1	1
HIS1262A	4	3	6	2	2984	2960	4	3	5	1	1	1	1	1	1	1
SER1240A	5	3	11	5	1078	539.5	2	2	1	1	1	1	1	1	1	1
HIS1241A	3	3	4	3	1	1	1	1	1	1	1	1	1	1	1	1
TYR1237A	2	1	2	1	1	1	1	1	1	1	1	1	1	1	1	1
ALA1306A	5	5	14	11	827	785.314739061361	2	2	1	1	1	1	1	1	1	1
ILE1310A	2	2	4	2	1078	539.5	2	2	1	1	1	1	1	1	1	1
GLU1260A	5	2	6	2	5650	414.819882657497	5	2	7	2	1	1	1	1	1	1
TYR1242A	3	3	6	3	1078	1073.5	3	3	6	3	1	1	1	1	1	1
ILE1302A	4	3	8	2	1073	654.680117342503	3	3	6	3	1	1	1	1	1	1
VAL1259A	3	2	6	2	1148	177	3	2	7	1	1	1	1	1	1	1
TYR1265A	5	1	8	1	1989	1	2	1	3	0	1	1	1	1	1	1
LEU1266A	5	4	15	7	5467	3054	4	3	14	5	1	1	1	1	1	1
LYS1263A	3	2	7	2	3343	3343	2	2	4	1	1	1	1	1	1	1
HIS1264A	3	3	6	3	1	1	1	1	1	1	1	1	1	1	1	1
TYR1294A	8	3	16	4	17184	484.429447409487	7	3	17	3	1	1	1	1	1	1
GLN1305A	9	5	21	7	9813	9173	7	5	24	5	1	1	1	1	1	1
ILE1309A	4	3	15	7	10712	2414	3	2	7	2	1	1	1	1	1	1
ASP1267A	2	2	7	2	1078	594.570552590513	2	2	6	2	1	1	1	1	1	1
ILE1273A	7	5	19	12	19996	13668.6046314671	5	4	17	7	1	1	1	1	1	1
ILE1270A	3	2	9	3	19100	9045	3	2	7	2	1	1	1	1	1	1
LEU1291A	4	3	9	5	10056	10056	2	2	2	1	1	1	1	1	1	1
GLU1271A	2	1	3	1	1	1	1	1	1	1	1	1	1	1	1	1
SER1274A	4	2	7	1	53	1	2	1	3	0	1	1	1	1	1	1
SER1277A	4	3	15	8	10381	1	2	1	3	0	1	1	1	1	1	1
LEU1312A	5	5	16	8	13584	6904.27040822202	4	4	11	8	1	1	1	1	1	1
LEU1287A	5	5	10	7	12015	12015	4	4	4	0	1	1	1	1	1	1
LYS1278A	5	3	12	2	7309	1	3	1	10	0	1	1	1	1	1	1
GLU1275A	2	1	4	1	1	1	1	1	1	1	1	1	1	1	1	1
ILE1281A	9	5	27	9	80437	26706.776840053	7	3	29	6	40100	1	2	1	4	0
ARG1279A	3	2	11	4	1	1	2	1	7	0	1	1	1	1	1	1
LYS1334A	5	4	19	10	1078	742.679152853406	4	3	15	7	1	1	2	2	4	2
ALA1283A	6	6	18	12	11738	9198.06411993551	6	6	19	12	1	1	1	1	1	1
ASP1284A	5	3	10	9	3226	1534.69030157136	3	3	12	10	1	1	1	1	1	1
ASN1286A	3	2	9	5	1058	265.566425639726	2	2	5	5	1	1	1	1	1	1
ALA1285A	2	2	4	3	1	1	1	1	1	1	1	1	1	1	1	1
ASP1288A	2	2	4	3	1	1	1	1	1	1	1	1	1	1	1	1
VAL1290A	6	5	13	9	14809	8269.90974655748	3	3	7	5	1	1	1	1	1	1
ALA1293A	6	6	13	9	1062	1062	2	2	3	2	1	1	1	1	1	1
LYS1289A	3	1	8	1	1075	1	2	1	4	0	1	1	1	1	1	1
ILE1331A	6	4	14	6	6715	2885.92748354703	5	3	12	2	1	1	1	1	1	1
SER1292A	2	2	5	5	1	1	1	1	1	1	1	1	1	1	1	1
TYR1326A	4	3	15	8	1106	45	4	3	13	7	1	1	1	1	1	1
ARG1298A	3	2	13	3	13060	7040	3	2	12	2	1	1	1	1	1	1
HIS1297A	5	4	13	5	5513	2146.39797304	4	3	16	5	1	1	1	1	1	1
LYS1296A	2	1	4	1	1	1	1	1	1	1	1	1	1	1	1	1
PHE1327A	7	6	15	8	3980	1866.64897921134	7	6	19	8	1	1	1	1	1	1
LYS1300A	5	1	13	1	3288	1	5	1	17	0	1	1	1	1	1	1
PRO1301A	3	3	5	1	1140	1130.91534040133	3	3	6	1	1	1	1	1	1	1
GLU1304A	4	2	8	2	33	10.0846595986706	3	2	8	2	1	1	1	1	1	1
ARG1303A	2	1	4	1	1	1	1	1	1	1	1	1	1	1	1	1
GLU1307A	2	1	3	1	1	1	1	1	1	1	1	1	1	1	1	1
HIS1311A	4	3	7	3	6519	1	2	1	4	0	1	1	1	1	1	1
ASN1308A	4	3	10	6	2407	1441.95304774867	2	2	6	5	1	1	1	1	1	1
PHE1324A	6	4	18	7	1408	959.287730206333	6	4	19	5	1	1	1	1	1	1
PRO1321A	7	4	14	7	2978	2978	5	3	13	4	2961	2961	2	2	4	2
ALA1322A	3	2	9	4	1	1	1	1	1	1	1	1	1	1	1	1
ARG1333A	4	3	11	4	1990	1	3	2	8	2	3029	3029	2	2	1	0
ALA1323A	6	6	11	9	3241	3241	5	5	12	6	1	1	1	1	1	1
ASP1332A	2	1	5	1	1078	1	2	1	4	0	1	1	1	1	1	1
LYS1325A	2	1	3	1	1078	1	2	1	1	0	1	1	1	1	1	1
THR1330A	4	3	5	1	1078	1078	2	2	1	0	1	1	1	1	1	1
THR1329A	2	2	3	2	1	1	1	1	1	1	1	1	1	1	1	1
LYS1340A	2	1	4	1	1078	1	2	1	3	0	1	1	1	1	1	1
ASP1344A	3	1	7	1	7522	1	3	1	7	0	3226	1	2	1	1	0
GLU1357A	4	2	10	3	4676	2	3	2	7	2	4675	1	2	1	2	0
HIS1349A	2	2	3	3	1078	328.207121143991	2	2	2	2	1	1	1	1	1	1
SER1351A	3	2	10	6	1	1	1	1	1	1	1	1	1	1	1	1
SER1363A	3	3	3	1	1	1	1	1	1	1	1	1	1	1	1	1
LEU1362A	2	1	2	1	1	1	1	1	1	1	1	1	1	1	1	1
LYS323A	2	2	2	2	1	1	1	1	1	1	1	1	1	1	1	1
LYS4A	1	1	1	1	1	1	1	1	1	1	1	1	1	1	1	1
GLU24A	1	1	1	1	1	1	1	1	1	1	1	1	1	1	1	1
LYS31A	1	1	1	1	1	1	1	1	1	1	1	1	1	1	1	1
LYS44A	1	1	1	1	1	1	1	1	1	1	1	1	1	1	1	1
GLU84A	1	1	1	1	1	1	1	1	1	1	1	1	1	1	1	1
GLU130A	1	1	1	1	1	1	1	1	1	1	1	1	1	1	1	1
ILE186A	1	1	1	1	1	1	1	1	1	1	1	1	1	1	1	1
GLN194A	1	1	1	1	1	1	1	1	1	1	1	1	1	1	1	1
GLU197A	1	1	1	1	1	1	1	1	1	1	1	1	1	1	1	1
ASP257A	1	1	1	1	1	1	1	1	1	1	1	1	1	1	1	1
GLU260A	1	1	1	1	1	1	1	1	1	1	1	1	1	1	1	1
GLN341A	1	1	1	1	1	1	1	1	1	1	1	1	1	1	1	1
LYS348A	1	1	1	1	1	1	1	1	1	1	1	1	1	1	1	1
GLU370A	1	1	1	1	1	1	1	1	1	1	1	1	1	1	1	1
LYS382A	1	1	1	1	1	1	1	1	1	1	1	1	1	1	1	1
GLU438A	1	1	1	1	1	1	1	1	1	1	1	1	1	1	1	1
LYS439A	1	1	1	1	1	1	1	1	1	1	1	1	1	1	1	1
PRO503A	1	1	1	1	1	1	1	1	1	1	1	1	1	1	1	1
GLU566A	1	1	1	1	1	1	1	1	1	1	1	1	1	1	1	1
LYS599A	1	1	1	1	1	1	1	1	1	1	1	1	1	1	1	1
LYS602A	1	1	1	1	1	1	1	1	1	1	1	1	1	1	1	1
ASN609A	1	1	1	1	1	1	1	1	1	1	1	1	1	1	1	1
GLU610A	1	1	1	1	1	1	1	1	1	1	1	1	1	1	1	1
ARG629A	1	1	1	1	1	1	1	1	1	1	1	1	1	1	1	1
ASP645A	1	1	1	1	1	1	1	1	1	1	1	1	1	1	1	1
LYS649A	1	1	1	1	1	1	1	1	1	1	1	1	1	1	1	1
ARG653A	1	1	1	1	1	1	1	1	1	1	1	1	1	1	1	1
MET694A	1	1	1	1	1	1	1	1	1	1	1	1	1	1	1	1
HIS698A	1	1	1	1	1	1	1	1	1	1	1	1	1	1	1	1
GLU706A	1	1	1	1	1	1	1	1	1	1	1	1	1	1	1	1
LYS775A	1	1	1	1	1	1	1	1	1	1	1	1	1	1	1	1
LYS782A	1	1	1	1	1	1	1	1	1	1	1	1	1	1	1	1
GLU785A	1	1	1	1	1	1	1	1	1	1	1	1	1	1	1	1
ASN808A	1	1	1	1	1	1	1	1	1	1	1	1	1	1	1	1
ARG832A	1	1	1	1	1	1	1	1	1	1	1	1	1	1	1	1
TYR836A	1	1	1	1	1	1	1	1	1	1	1	1	1	1	1	1
GLU874A	1	1	1	1	1	1	1	1	1	1	1	1	1	1	1	1
LYS878A	1	1	1	1	1	1	1	1	1	1	1	1	1	1	1	1
ASN881A	1	1	1	1	1	1	1	1	1	1	1	1	1	1	1	1
LYS959A	1	1	1	1	1	1	1	1	1	1	1	1	1	1	1	1
LYS1020A	1	1	1	1	1	1	1	1	1	1	1	1	1	1	1	1
LYS1059A	1	1	1	1	1	1	1	1	1	1	1	1	1	1	1	1
MET1169A	1	1	1	1	1	1	1	1	1	1	1	1	1	1	1	1
SER1172A	1	1	1	1	1	1	1	1	1	1	1	1	1	1	1	1
ASP1193A	1	1	1	1	1	1	1	1	1	1	1	1	1	1	1	1
ILE1195A	1	1	1	1	1	1	1	1	1	1	1	1	1	1	1	1
GLN1261A	1	1	1	1	1	1	1	1	1	1	1	1	1	1	1	1
ASN1295A	1	1	1	1	1	1	1	1	1	1	1	1	1	1	1	1
ASP1299A	1	1	1	1	1	1	1	1	1	1	1	1	1	1	1	1
ASP1328A	1	1	1	1	1	1	1	1	1	1	1	1	1	1	1	1
ARG307A	1	1	1	1	1	1	1	1	1	1	1	1	1	1	1	1
LYS684A	1	1	1	1	1	1	1	1	1	1	1	1	1	1	1	1
ARG447A	1	1	1	1	1	1	1	1	1	1	1	1	1	1	1	1
